	Absidia_cuneospora_RSA_623_Plus.aa	Absidia_cuneospora_RSA_624-.aa	Total
OG0000000	1	23	24
OG0000001	16	4	20
OG0000002	10	9	19
OG0000003	9	7	16
OG0000004	7	8	15
OG0000005	10	4	14
OG0000006	7	7	14
OG0000007	6	8	14
OG0000008	2	11	13
OG0000009	6	6	12
OG0000010	6	6	12
OG0000011	10	2	12
OG0000012	6	6	12
OG0000013	6	6	12
OG0000014	6	6	12
OG0000015	6	5	11
OG0000016	6	5	11
OG0000017	5	6	11
OG0000018	6	5	11
OG0000019	5	6	11
OG0000020	5	5	10
OG0000021	5	5	10
OG0000022	5	5	10
OG0000023	5	5	10
OG0000024	1	9	10
OG0000025	5	4	9
OG0000026	4	5	9
OG0000027	4	5	9
OG0000028	5	4	9
OG0000029	5	4	9
OG0000030	2	7	9
OG0000031	5	4	9
OG0000032	4	5	9
OG0000033	4	4	8
OG0000034	4	4	8
OG0000035	4	4	8
OG0000036	4	4	8
OG0000037	4	4	8
OG0000038	4	4	8
OG0000039	4	4	8
OG0000040	4	4	8
OG0000041	4	4	8
OG0000042	4	4	8
OG0000043	4	4	8
OG0000044	4	4	8
OG0000045	4	4	8
OG0000046	4	4	8
OG0000047	4	4	8
OG0000048	4	4	8
OG0000049	4	4	8
OG0000050	3	5	8
OG0000051	3	4	7
OG0000052	3	4	7
OG0000053	4	3	7
OG0000054	4	3	7
OG0000055	2	5	7
OG0000056	4	3	7
OG0000057	3	4	7
OG0000058	4	3	7
OG0000059	3	4	7
OG0000060	4	3	7
OG0000061	3	4	7
OG0000062	3	4	7
OG0000063	3	4	7
OG0000064	3	4	7
OG0000065	4	3	7
OG0000066	7	0	7
OG0000067	4	3	7
OG0000068	3	4	7
OG0000069	4	3	7
OG0000070	3	4	7
OG0000071	3	4	7
OG0000072	3	4	7
OG0000073	2	5	7
OG0000074	3	4	7
OG0000075	3	4	7
OG0000076	4	3	7
OG0000077	3	4	7
OG0000078	3	4	7
OG0000079	4	3	7
OG0000080	3	4	7
OG0000081	4	3	7
OG0000082	3	4	7
OG0000083	4	2	6
OG0000084	3	3	6
OG0000085	3	3	6
OG0000086	3	3	6
OG0000087	3	3	6
OG0000088	3	3	6
OG0000089	3	3	6
OG0000090	3	3	6
OG0000091	3	3	6
OG0000092	3	3	6
OG0000093	3	3	6
OG0000094	3	3	6
OG0000095	3	3	6
OG0000096	3	3	6
OG0000097	3	3	6
OG0000098	3	3	6
OG0000099	3	3	6
OG0000100	3	3	6
OG0000101	3	3	6
OG0000102	3	3	6
OG0000103	3	3	6
OG0000104	3	3	6
OG0000105	3	3	6
OG0000106	4	2	6
OG0000107	3	3	6
OG0000108	3	3	6
OG0000109	3	3	6
OG0000110	3	3	6
OG0000111	3	3	6
OG0000112	3	3	6
OG0000113	3	3	6
OG0000114	3	3	6
OG0000115	3	3	6
OG0000116	3	3	6
OG0000117	3	3	6
OG0000118	3	3	6
OG0000119	3	3	6
OG0000120	3	3	6
OG0000121	3	3	6
OG0000122	3	3	6
OG0000123	3	3	6
OG0000124	3	3	6
OG0000125	3	3	6
OG0000126	3	3	6
OG0000127	3	3	6
OG0000128	3	3	6
OG0000129	3	3	6
OG0000130	3	3	6
OG0000131	3	3	6
OG0000132	3	3	6
OG0000133	3	3	6
OG0000134	3	3	6
OG0000135	3	3	6
OG0000136	2	4	6
OG0000137	4	2	6
OG0000138	3	3	6
OG0000139	3	3	6
OG0000140	3	3	6
OG0000141	3	3	6
OG0000142	3	3	6
OG0000143	3	3	6
OG0000144	3	3	6
OG0000145	3	3	6
OG0000146	3	3	6
OG0000147	5	1	6
OG0000148	3	3	6
OG0000149	3	3	6
OG0000150	3	3	6
OG0000151	3	3	6
OG0000152	2	4	6
OG0000153	3	3	6
OG0000154	3	3	6
OG0000155	3	3	6
OG0000156	3	3	6
OG0000157	3	3	6
OG0000158	3	3	6
OG0000159	3	3	6
OG0000160	3	3	6
OG0000161	3	3	6
OG0000162	3	3	6
OG0000163	3	3	6
OG0000164	3	3	6
OG0000165	3	3	6
OG0000166	3	3	6
OG0000167	3	3	6
OG0000168	3	3	6
OG0000169	4	2	6
OG0000170	3	3	6
OG0000171	3	3	6
OG0000172	3	3	6
OG0000173	3	3	6
OG0000174	3	3	6
OG0000175	3	3	6
OG0000176	3	3	6
OG0000177	3	3	6
OG0000178	3	3	6
OG0000179	3	3	6
OG0000180	3	3	6
OG0000181	3	3	6
OG0000182	3	3	6
OG0000183	3	3	6
OG0000184	3	3	6
OG0000185	3	3	6
OG0000186	3	3	6
OG0000187	3	3	6
OG0000188	3	3	6
OG0000189	3	3	6
OG0000190	3	3	6
OG0000191	3	3	6
OG0000192	3	3	6
OG0000193	3	3	6
OG0000194	3	3	6
OG0000195	3	2	5
OG0000196	2	3	5
OG0000197	2	3	5
OG0000198	3	2	5
OG0000199	2	3	5
OG0000200	2	3	5
OG0000201	3	2	5
OG0000202	3	2	5
OG0000203	2	3	5
OG0000204	3	2	5
OG0000205	2	3	5
OG0000206	3	2	5
OG0000207	3	2	5
OG0000208	3	2	5
OG0000209	3	2	5
OG0000210	3	2	5
OG0000211	3	2	5
OG0000212	2	3	5
OG0000213	3	2	5
OG0000214	3	2	5
OG0000215	2	3	5
OG0000216	3	2	5
OG0000217	3	2	5
OG0000218	3	2	5
OG0000219	2	3	5
OG0000220	2	3	5
OG0000221	2	3	5
OG0000222	2	3	5
OG0000223	2	3	5
OG0000224	3	2	5
OG0000225	3	2	5
OG0000226	3	2	5
OG0000227	3	2	5
OG0000228	3	2	5
OG0000229	2	3	5
OG0000230	3	2	5
OG0000231	4	1	5
OG0000232	1	4	5
OG0000233	2	3	5
OG0000234	2	3	5
OG0000235	4	1	5
OG0000236	3	2	5
OG0000237	2	3	5
OG0000238	1	4	5
OG0000239	3	2	5
OG0000240	2	3	5
OG0000241	3	2	5
OG0000242	2	3	5
OG0000243	3	2	5
OG0000244	3	2	5
OG0000245	2	2	4
OG0000246	2	2	4
OG0000247	2	2	4
OG0000248	2	2	4
OG0000249	2	2	4
OG0000250	2	2	4
OG0000251	2	2	4
OG0000252	2	2	4
OG0000253	2	2	4
OG0000254	2	2	4
OG0000255	2	2	4
OG0000256	2	2	4
OG0000257	2	2	4
OG0000258	3	1	4
OG0000259	2	2	4
OG0000260	2	2	4
OG0000261	2	2	4
OG0000262	2	2	4
OG0000263	2	2	4
OG0000264	2	2	4
OG0000265	2	2	4
OG0000266	2	2	4
OG0000267	2	2	4
OG0000268	2	2	4
OG0000269	2	2	4
OG0000270	2	2	4
OG0000271	2	2	4
OG0000272	2	2	4
OG0000273	2	2	4
OG0000274	2	2	4
OG0000275	2	2	4
OG0000276	2	2	4
OG0000277	2	2	4
OG0000278	2	2	4
OG0000279	2	2	4
OG0000280	1	3	4
OG0000281	2	2	4
OG0000282	2	2	4
OG0000283	2	2	4
OG0000284	2	2	4
OG0000285	2	2	4
OG0000286	2	2	4
OG0000287	2	2	4
OG0000288	2	2	4
OG0000289	2	2	4
OG0000290	2	2	4
OG0000291	2	2	4
OG0000292	2	2	4
OG0000293	2	2	4
OG0000294	2	2	4
OG0000295	2	2	4
OG0000296	2	2	4
OG0000297	2	2	4
OG0000298	2	2	4
OG0000299	2	2	4
OG0000300	2	2	4
OG0000301	2	2	4
OG0000302	2	2	4
OG0000303	2	2	4
OG0000304	2	2	4
OG0000305	2	2	4
OG0000306	2	2	4
OG0000307	2	2	4
OG0000308	2	2	4
OG0000309	2	2	4
OG0000310	2	2	4
OG0000311	2	2	4
OG0000312	2	2	4
OG0000313	2	2	4
OG0000314	2	2	4
OG0000315	3	1	4
OG0000316	2	2	4
OG0000317	2	2	4
OG0000318	2	2	4
OG0000319	2	2	4
OG0000320	2	2	4
OG0000321	2	2	4
OG0000322	2	2	4
OG0000323	2	2	4
OG0000324	2	2	4
OG0000325	2	2	4
OG0000326	2	2	4
OG0000327	2	2	4
OG0000328	2	2	4
OG0000329	2	2	4
OG0000330	2	2	4
OG0000331	2	2	4
OG0000332	2	2	4
OG0000333	2	2	4
OG0000334	2	2	4
OG0000335	2	2	4
OG0000336	2	2	4
OG0000337	2	2	4
OG0000338	2	2	4
OG0000339	2	2	4
OG0000340	2	2	4
OG0000341	2	2	4
OG0000342	2	2	4
OG0000343	2	2	4
OG0000344	2	2	4
OG0000345	2	2	4
OG0000346	2	2	4
OG0000347	2	2	4
OG0000348	2	2	4
OG0000349	2	2	4
OG0000350	2	2	4
OG0000351	2	2	4
OG0000352	2	2	4
OG0000353	2	2	4
OG0000354	2	2	4
OG0000355	2	2	4
OG0000356	2	2	4
OG0000357	2	2	4
OG0000358	2	2	4
OG0000359	2	2	4
OG0000360	2	2	4
OG0000361	2	2	4
OG0000362	2	2	4
OG0000363	2	2	4
OG0000364	2	2	4
OG0000365	2	2	4
OG0000366	2	2	4
OG0000367	2	2	4
OG0000368	2	2	4
OG0000369	2	2	4
OG0000370	2	2	4
OG0000371	2	2	4
OG0000372	2	2	4
OG0000373	2	2	4
OG0000374	2	2	4
OG0000375	2	2	4
OG0000376	2	2	4
OG0000377	2	2	4
OG0000378	2	2	4
OG0000379	2	2	4
OG0000380	2	2	4
OG0000381	2	2	4
OG0000382	2	2	4
OG0000383	2	2	4
OG0000384	2	2	4
OG0000385	2	2	4
OG0000386	2	2	4
OG0000387	2	2	4
OG0000388	2	2	4
OG0000389	2	2	4
OG0000390	2	2	4
OG0000391	2	2	4
OG0000392	2	2	4
OG0000393	2	2	4
OG0000394	2	2	4
OG0000395	2	2	4
OG0000396	2	2	4
OG0000397	2	2	4
OG0000398	2	2	4
OG0000399	2	2	4
OG0000400	2	2	4
OG0000401	2	2	4
OG0000402	2	2	4
OG0000403	2	2	4
OG0000404	2	2	4
OG0000405	2	2	4
OG0000406	2	2	4
OG0000407	2	2	4
OG0000408	2	2	4
OG0000409	2	2	4
OG0000410	2	2	4
OG0000411	2	2	4
OG0000412	2	2	4
OG0000413	2	2	4
OG0000414	2	2	4
OG0000415	2	2	4
OG0000416	2	2	4
OG0000417	2	2	4
OG0000418	2	2	4
OG0000419	2	2	4
OG0000420	2	2	4
OG0000421	2	2	4
OG0000422	2	2	4
OG0000423	2	2	4
OG0000424	2	2	4
OG0000425	2	2	4
OG0000426	2	2	4
OG0000427	2	2	4
OG0000428	2	2	4
OG0000429	2	2	4
OG0000430	2	2	4
OG0000431	2	2	4
OG0000432	2	2	4
OG0000433	2	2	4
OG0000434	4	0	4
OG0000435	2	2	4
OG0000436	2	2	4
OG0000437	2	2	4
OG0000438	2	2	4
OG0000439	2	2	4
OG0000440	2	2	4
OG0000441	2	2	4
OG0000442	2	2	4
OG0000443	2	2	4
OG0000444	2	2	4
OG0000445	2	2	4
OG0000446	2	2	4
OG0000447	2	2	4
OG0000448	2	2	4
OG0000449	2	2	4
OG0000450	2	2	4
OG0000451	2	2	4
OG0000452	2	2	4
OG0000453	2	2	4
OG0000454	2	2	4
OG0000455	2	2	4
OG0000456	2	2	4
OG0000457	2	2	4
OG0000458	2	2	4
OG0000459	2	2	4
OG0000460	2	2	4
OG0000461	2	2	4
OG0000462	2	2	4
OG0000463	2	2	4
OG0000464	2	2	4
OG0000465	2	2	4
OG0000466	2	2	4
OG0000467	2	2	4
OG0000468	3	1	4
OG0000469	2	2	4
OG0000470	2	2	4
OG0000471	2	2	4
OG0000472	2	2	4
OG0000473	2	2	4
OG0000474	2	2	4
OG0000475	2	2	4
OG0000476	2	2	4
OG0000477	2	2	4
OG0000478	2	2	4
OG0000479	2	2	4
OG0000480	2	2	4
OG0000481	2	2	4
OG0000482	2	2	4
OG0000483	2	2	4
OG0000484	2	2	4
OG0000485	2	2	4
OG0000486	2	2	4
OG0000487	2	2	4
OG0000488	2	2	4
OG0000489	2	2	4
OG0000490	2	2	4
OG0000491	2	2	4
OG0000492	2	2	4
OG0000493	2	2	4
OG0000494	2	2	4
OG0000495	2	2	4
OG0000496	2	2	4
OG0000497	2	2	4
OG0000498	2	2	4
OG0000499	2	2	4
OG0000500	2	2	4
OG0000501	2	2	4
OG0000502	2	2	4
OG0000503	2	2	4
OG0000504	2	2	4
OG0000505	2	2	4
OG0000506	2	2	4
OG0000507	2	2	4
OG0000508	2	2	4
OG0000509	2	2	4
OG0000510	2	2	4
OG0000511	2	2	4
OG0000512	2	2	4
OG0000513	2	2	4
OG0000514	2	2	4
OG0000515	2	2	4
OG0000516	2	2	4
OG0000517	2	2	4
OG0000518	2	2	4
OG0000519	2	2	4
OG0000520	2	2	4
OG0000521	2	2	4
OG0000522	2	2	4
OG0000523	2	2	4
OG0000524	2	2	4
OG0000525	2	2	4
OG0000526	2	2	4
OG0000527	2	2	4
OG0000528	2	2	4
OG0000529	2	2	4
OG0000530	2	2	4
OG0000531	2	2	4
OG0000532	2	2	4
OG0000533	2	2	4
OG0000534	2	2	4
OG0000535	2	2	4
OG0000536	2	2	4
OG0000537	2	2	4
OG0000538	2	2	4
OG0000539	2	2	4
OG0000540	2	2	4
OG0000541	2	2	4
OG0000542	2	2	4
OG0000543	2	2	4
OG0000544	2	2	4
OG0000545	2	2	4
OG0000546	2	2	4
OG0000547	2	2	4
OG0000548	2	2	4
OG0000549	2	2	4
OG0000550	2	2	4
OG0000551	2	2	4
OG0000552	2	2	4
OG0000553	2	2	4
OG0000554	2	2	4
OG0000555	2	2	4
OG0000556	2	2	4
OG0000557	2	2	4
OG0000558	2	2	4
OG0000559	2	2	4
OG0000560	2	2	4
OG0000561	2	2	4
OG0000562	2	2	4
OG0000563	2	2	4
OG0000564	2	2	4
OG0000565	2	2	4
OG0000566	2	2	4
OG0000567	2	2	4
OG0000568	2	2	4
OG0000569	2	2	4
OG0000570	2	2	4
OG0000571	2	2	4
OG0000572	2	2	4
OG0000573	2	2	4
OG0000574	2	2	4
OG0000575	2	2	4
OG0000576	2	2	4
OG0000577	2	2	4
OG0000578	2	2	4
OG0000579	2	2	4
OG0000580	2	2	4
OG0000581	2	2	4
OG0000582	2	2	4
OG0000583	2	2	4
OG0000584	2	2	4
OG0000585	2	2	4
OG0000586	2	2	4
OG0000587	2	2	4
OG0000588	2	2	4
OG0000589	2	2	4
OG0000590	2	2	4
OG0000591	2	2	4
OG0000592	2	2	4
OG0000593	2	2	4
OG0000594	2	2	4
OG0000595	2	2	4
OG0000596	2	2	4
OG0000597	2	2	4
OG0000598	2	2	4
OG0000599	2	2	4
OG0000600	2	2	4
OG0000601	2	2	4
OG0000602	2	2	4
OG0000603	2	2	4
OG0000604	2	2	4
OG0000605	2	2	4
OG0000606	2	2	4
OG0000607	2	2	4
OG0000608	2	2	4
OG0000609	2	2	4
OG0000610	2	2	4
OG0000611	2	2	4
OG0000612	2	2	4
OG0000613	2	2	4
OG0000614	2	2	4
OG0000615	2	2	4
OG0000616	2	2	4
OG0000617	2	2	4
OG0000618	2	2	4
OG0000619	2	2	4
OG0000620	2	2	4
OG0000621	2	2	4
OG0000622	2	2	4
OG0000623	2	2	4
OG0000624	2	2	4
OG0000625	2	2	4
OG0000626	2	2	4
OG0000627	2	2	4
OG0000628	2	2	4
OG0000629	2	2	4
OG0000630	2	2	4
OG0000631	2	2	4
OG0000632	2	2	4
OG0000633	2	2	4
OG0000634	2	2	4
OG0000635	2	2	4
OG0000636	2	2	4
OG0000637	3	1	4
OG0000638	2	2	4
OG0000639	2	2	4
OG0000640	2	2	4
OG0000641	2	2	4
OG0000642	2	2	4
OG0000643	2	2	4
OG0000644	2	2	4
OG0000645	2	2	4
OG0000646	2	2	4
OG0000647	2	2	4
OG0000648	2	2	4
OG0000649	2	2	4
OG0000650	2	2	4
OG0000651	2	2	4
OG0000652	2	2	4
OG0000653	2	2	4
OG0000654	2	2	4
OG0000655	2	2	4
OG0000656	2	2	4
OG0000657	2	2	4
OG0000658	2	2	4
OG0000659	2	2	4
OG0000660	2	2	4
OG0000661	2	2	4
OG0000662	2	2	4
OG0000663	2	2	4
OG0000664	2	2	4
OG0000665	2	2	4
OG0000666	2	2	4
OG0000667	2	2	4
OG0000668	2	2	4
OG0000669	2	2	4
OG0000670	2	2	4
OG0000671	2	2	4
OG0000672	2	2	4
OG0000673	2	2	4
OG0000674	2	2	4
OG0000675	2	2	4
OG0000676	2	2	4
OG0000677	4	0	4
OG0000678	2	2	4
OG0000679	2	2	4
OG0000680	2	2	4
OG0000681	2	2	4
OG0000682	2	2	4
OG0000683	2	2	4
OG0000684	2	2	4
OG0000685	2	2	4
OG0000686	2	2	4
OG0000687	2	2	4
OG0000688	2	2	4
OG0000689	2	2	4
OG0000690	2	2	4
OG0000691	2	2	4
OG0000692	2	2	4
OG0000693	2	2	4
OG0000694	2	2	4
OG0000695	2	2	4
OG0000696	2	2	4
OG0000697	2	2	4
OG0000698	2	2	4
OG0000699	2	2	4
OG0000700	2	2	4
OG0000701	2	2	4
OG0000702	2	2	4
OG0000703	4	0	4
OG0000704	2	2	4
OG0000705	2	2	4
OG0000706	2	2	4
OG0000707	2	2	4
OG0000708	2	2	4
OG0000709	1	3	4
OG0000710	2	2	4
OG0000711	2	2	4
OG0000712	2	2	4
OG0000713	2	2	4
OG0000714	2	2	4
OG0000715	2	2	4
OG0000716	1	3	4
OG0000717	2	2	4
OG0000718	2	2	4
OG0000719	2	2	4
OG0000720	2	2	4
OG0000721	2	2	4
OG0000722	2	2	4
OG0000723	2	2	4
OG0000724	2	2	4
OG0000725	2	2	4
OG0000726	2	2	4
OG0000727	2	2	4
OG0000728	2	2	4
OG0000729	2	2	4
OG0000730	2	2	4
OG0000731	2	2	4
OG0000732	2	2	4
OG0000733	2	2	4
OG0000734	2	2	4
OG0000735	2	2	4
OG0000736	2	2	4
OG0000737	2	2	4
OG0000738	2	2	4
OG0000739	2	2	4
OG0000740	2	2	4
OG0000741	2	2	4
OG0000742	1	3	4
OG0000743	2	2	4
OG0000744	2	2	4
OG0000745	2	2	4
OG0000746	2	2	4
OG0000747	2	2	4
OG0000748	2	2	4
OG0000749	2	2	4
OG0000750	2	2	4
OG0000751	2	2	4
OG0000752	2	2	4
OG0000753	2	2	4
OG0000754	2	2	4
OG0000755	2	2	4
OG0000756	0	4	4
OG0000757	0	4	4
OG0000758	0	4	4
OG0000759	2	1	3
OG0000760	2	1	3
OG0000761	1	2	3
OG0000762	2	1	3
OG0000763	2	1	3
OG0000764	2	1	3
OG0000765	1	2	3
OG0000766	1	2	3
OG0000767	2	1	3
OG0000768	2	1	3
OG0000769	1	2	3
OG0000770	2	1	3
OG0000771	2	1	3
OG0000772	2	1	3
OG0000773	2	1	3
OG0000774	2	1	3
OG0000775	1	2	3
OG0000776	1	2	3
OG0000777	2	1	3
OG0000778	2	1	3
OG0000779	2	1	3
OG0000780	2	1	3
OG0000781	1	2	3
OG0000782	2	1	3
OG0000783	2	1	3
OG0000784	2	1	3
OG0000785	1	2	3
OG0000786	1	2	3
OG0000787	1	2	3
OG0000788	1	2	3
OG0000789	1	2	3
OG0000790	1	2	3
OG0000791	1	2	3
OG0000792	2	1	3
OG0000793	1	2	3
OG0000794	3	0	3
OG0000795	2	1	3
OG0000796	1	2	3
OG0000797	2	1	3
OG0000798	2	1	3
OG0000799	2	1	3
OG0000800	1	2	3
OG0000801	2	1	3
OG0000802	2	1	3
OG0000803	1	2	3
OG0000804	1	2	3
OG0000805	1	2	3
OG0000806	2	1	3
OG0000807	2	1	3
OG0000808	1	2	3
OG0000809	2	1	3
OG0000810	2	1	3
OG0000811	1	2	3
OG0000812	2	1	3
OG0000813	2	1	3
OG0000814	1	2	3
OG0000815	2	1	3
OG0000816	1	2	3
OG0000817	2	1	3
OG0000818	2	1	3
OG0000819	2	1	3
OG0000820	2	1	3
OG0000821	1	2	3
OG0000822	1	2	3
OG0000823	2	1	3
OG0000824	2	1	3
OG0000825	1	2	3
OG0000826	2	1	3
OG0000827	1	2	3
OG0000828	2	1	3
OG0000829	1	2	3
OG0000830	1	2	3
OG0000831	2	1	3
OG0000832	2	1	3
OG0000833	1	2	3
OG0000834	2	1	3
OG0000835	2	1	3
OG0000836	2	1	3
OG0000837	1	2	3
OG0000838	1	2	3
OG0000839	2	1	3
OG0000840	1	2	3
OG0000841	2	1	3
OG0000842	1	2	3
OG0000843	1	2	3
OG0000844	2	1	3
OG0000845	1	2	3
OG0000846	2	1	3
OG0000847	2	1	3
OG0000848	2	1	3
OG0000849	2	1	3
OG0000850	1	2	3
OG0000851	1	2	3
OG0000852	1	2	3
OG0000853	1	2	3
OG0000854	1	2	3
OG0000855	1	2	3
OG0000856	1	2	3
OG0000857	1	2	3
OG0000858	1	2	3
OG0000859	1	2	3
OG0000860	2	1	3
OG0000861	2	1	3
OG0000862	2	1	3
OG0000863	1	1	2
OG0000864	1	1	2
OG0000865	1	1	2
OG0000866	1	1	2
OG0000867	1	1	2
OG0000868	1	1	2
OG0000869	1	1	2
OG0000870	1	1	2
OG0000871	1	1	2
OG0000872	1	1	2
OG0000873	1	1	2
OG0000874	1	1	2
OG0000875	1	1	2
OG0000876	1	1	2
OG0000877	1	1	2
OG0000878	1	1	2
OG0000879	1	1	2
OG0000880	1	1	2
OG0000881	1	1	2
OG0000882	1	1	2
OG0000883	1	1	2
OG0000884	1	1	2
OG0000885	1	1	2
OG0000886	1	1	2
OG0000887	1	1	2
OG0000888	1	1	2
OG0000889	1	1	2
OG0000890	1	1	2
OG0000891	1	1	2
OG0000892	1	1	2
OG0000893	1	1	2
OG0000894	1	1	2
OG0000895	1	1	2
OG0000896	1	1	2
OG0000897	1	1	2
OG0000898	1	1	2
OG0000899	1	1	2
OG0000900	1	1	2
OG0000901	1	1	2
OG0000902	1	1	2
OG0000903	1	1	2
OG0000904	1	1	2
OG0000905	1	1	2
OG0000906	1	1	2
OG0000907	1	1	2
OG0000908	1	1	2
OG0000909	1	1	2
OG0000910	1	1	2
OG0000911	1	1	2
OG0000912	1	1	2
OG0000913	1	1	2
OG0000914	1	1	2
OG0000915	1	1	2
OG0000916	1	1	2
OG0000917	1	1	2
OG0000918	1	1	2
OG0000919	1	1	2
OG0000920	1	1	2
OG0000921	1	1	2
OG0000922	1	1	2
OG0000923	1	1	2
OG0000924	1	1	2
OG0000925	1	1	2
OG0000926	1	1	2
OG0000927	1	1	2
OG0000928	1	1	2
OG0000929	1	1	2
OG0000930	1	1	2
OG0000931	1	1	2
OG0000932	1	1	2
OG0000933	1	1	2
OG0000934	1	1	2
OG0000935	1	1	2
OG0000936	1	1	2
OG0000937	1	1	2
OG0000938	1	1	2
OG0000939	1	1	2
OG0000940	1	1	2
OG0000941	1	1	2
OG0000942	1	1	2
OG0000943	1	1	2
OG0000944	1	1	2
OG0000945	1	1	2
OG0000946	1	1	2
OG0000947	1	1	2
OG0000948	1	1	2
OG0000949	1	1	2
OG0000950	1	1	2
OG0000951	1	1	2
OG0000952	1	1	2
OG0000953	1	1	2
OG0000954	1	1	2
OG0000955	1	1	2
OG0000956	1	1	2
OG0000957	1	1	2
OG0000958	1	1	2
OG0000959	1	1	2
OG0000960	1	1	2
OG0000961	1	1	2
OG0000962	1	1	2
OG0000963	1	1	2
OG0000964	1	1	2
OG0000965	1	1	2
OG0000966	1	1	2
OG0000967	1	1	2
OG0000968	1	1	2
OG0000969	1	1	2
OG0000970	1	1	2
OG0000971	1	1	2
OG0000972	1	1	2
OG0000973	1	1	2
OG0000974	1	1	2
OG0000975	1	1	2
OG0000976	1	1	2
OG0000977	1	1	2
OG0000978	1	1	2
OG0000979	1	1	2
OG0000980	1	1	2
OG0000981	1	1	2
OG0000982	1	1	2
OG0000983	1	1	2
OG0000984	1	1	2
OG0000985	1	1	2
OG0000986	1	1	2
OG0000987	1	1	2
OG0000988	1	1	2
OG0000989	1	1	2
OG0000990	1	1	2
OG0000991	1	1	2
OG0000992	1	1	2
OG0000993	1	1	2
OG0000994	1	1	2
OG0000995	1	1	2
OG0000996	1	1	2
OG0000997	1	1	2
OG0000998	1	1	2
OG0000999	1	1	2
OG0001000	1	1	2
OG0001001	1	1	2
OG0001002	1	1	2
OG0001003	1	1	2
OG0001004	1	1	2
OG0001005	1	1	2
OG0001006	1	1	2
OG0001007	1	1	2
OG0001008	1	1	2
OG0001009	1	1	2
OG0001010	1	1	2
OG0001011	1	1	2
OG0001012	1	1	2
OG0001013	1	1	2
OG0001014	1	1	2
OG0001015	1	1	2
OG0001016	1	1	2
OG0001017	1	1	2
OG0001018	1	1	2
OG0001019	1	1	2
OG0001020	1	1	2
OG0001021	1	1	2
OG0001022	1	1	2
OG0001023	1	1	2
OG0001024	1	1	2
OG0001025	1	1	2
OG0001026	1	1	2
OG0001027	1	1	2
OG0001028	1	1	2
OG0001029	1	1	2
OG0001030	1	1	2
OG0001031	1	1	2
OG0001032	1	1	2
OG0001033	1	1	2
OG0001034	1	1	2
OG0001035	1	1	2
OG0001036	1	1	2
OG0001037	1	1	2
OG0001038	1	1	2
OG0001039	1	1	2
OG0001040	1	1	2
OG0001041	1	1	2
OG0001042	1	1	2
OG0001043	1	1	2
OG0001044	1	1	2
OG0001045	1	1	2
OG0001046	1	1	2
OG0001047	1	1	2
OG0001048	1	1	2
OG0001049	1	1	2
OG0001050	1	1	2
OG0001051	1	1	2
OG0001052	1	1	2
OG0001053	1	1	2
OG0001054	1	1	2
OG0001055	1	1	2
OG0001056	1	1	2
OG0001057	1	1	2
OG0001058	1	1	2
OG0001059	1	1	2
OG0001060	1	1	2
OG0001061	1	1	2
OG0001062	1	1	2
OG0001063	1	1	2
OG0001064	1	1	2
OG0001065	1	1	2
OG0001066	1	1	2
OG0001067	1	1	2
OG0001068	1	1	2
OG0001069	1	1	2
OG0001070	1	1	2
OG0001071	1	1	2
OG0001072	1	1	2
OG0001073	1	1	2
OG0001074	1	1	2
OG0001075	1	1	2
OG0001076	1	1	2
OG0001077	1	1	2
OG0001078	1	1	2
OG0001079	1	1	2
OG0001080	1	1	2
OG0001081	1	1	2
OG0001082	1	1	2
OG0001083	1	1	2
OG0001084	1	1	2
OG0001085	1	1	2
OG0001086	1	1	2
OG0001087	1	1	2
OG0001088	1	1	2
OG0001089	1	1	2
OG0001090	1	1	2
OG0001091	1	1	2
OG0001092	1	1	2
OG0001093	1	1	2
OG0001094	1	1	2
OG0001095	1	1	2
OG0001096	1	1	2
OG0001097	1	1	2
OG0001098	1	1	2
OG0001099	1	1	2
OG0001100	1	1	2
OG0001101	1	1	2
OG0001102	1	1	2
OG0001103	1	1	2
OG0001104	1	1	2
OG0001105	1	1	2
OG0001106	1	1	2
OG0001107	1	1	2
OG0001108	1	1	2
OG0001109	1	1	2
OG0001110	1	1	2
OG0001111	1	1	2
OG0001112	1	1	2
OG0001113	1	1	2
OG0001114	1	1	2
OG0001115	1	1	2
OG0001116	1	1	2
OG0001117	1	1	2
OG0001118	1	1	2
OG0001119	1	1	2
OG0001120	1	1	2
OG0001121	1	1	2
OG0001122	1	1	2
OG0001123	1	1	2
OG0001124	1	1	2
OG0001125	1	1	2
OG0001126	1	1	2
OG0001127	1	1	2
OG0001128	1	1	2
OG0001129	1	1	2
OG0001130	1	1	2
OG0001131	1	1	2
OG0001132	1	1	2
OG0001133	1	1	2
OG0001134	1	1	2
OG0001135	1	1	2
OG0001136	1	1	2
OG0001137	1	1	2
OG0001138	1	1	2
OG0001139	1	1	2
OG0001140	1	1	2
OG0001141	1	1	2
OG0001142	1	1	2
OG0001143	1	1	2
OG0001144	1	1	2
OG0001145	1	1	2
OG0001146	1	1	2
OG0001147	1	1	2
OG0001148	1	1	2
OG0001149	1	1	2
OG0001150	1	1	2
OG0001151	1	1	2
OG0001152	1	1	2
OG0001153	1	1	2
OG0001154	1	1	2
OG0001155	1	1	2
OG0001156	1	1	2
OG0001157	1	1	2
OG0001158	1	1	2
OG0001159	1	1	2
OG0001160	1	1	2
OG0001161	1	1	2
OG0001162	1	1	2
OG0001163	1	1	2
OG0001164	1	1	2
OG0001165	1	1	2
OG0001166	1	1	2
OG0001167	1	1	2
OG0001168	1	1	2
OG0001169	1	1	2
OG0001170	1	1	2
OG0001171	1	1	2
OG0001172	1	1	2
OG0001173	1	1	2
OG0001174	1	1	2
OG0001175	1	1	2
OG0001176	1	1	2
OG0001177	1	1	2
OG0001178	1	1	2
OG0001179	1	1	2
OG0001180	1	1	2
OG0001181	1	1	2
OG0001182	1	1	2
OG0001183	1	1	2
OG0001184	1	1	2
OG0001185	1	1	2
OG0001186	1	1	2
OG0001187	1	1	2
OG0001188	1	1	2
OG0001189	1	1	2
OG0001190	1	1	2
OG0001191	1	1	2
OG0001192	1	1	2
OG0001193	1	1	2
OG0001194	1	1	2
OG0001195	1	1	2
OG0001196	1	1	2
OG0001197	1	1	2
OG0001198	1	1	2
OG0001199	1	1	2
OG0001200	1	1	2
OG0001201	1	1	2
OG0001202	1	1	2
OG0001203	1	1	2
OG0001204	1	1	2
OG0001205	1	1	2
OG0001206	1	1	2
OG0001207	1	1	2
OG0001208	1	1	2
OG0001209	1	1	2
OG0001210	1	1	2
OG0001211	1	1	2
OG0001212	1	1	2
OG0001213	1	1	2
OG0001214	1	1	2
OG0001215	1	1	2
OG0001216	1	1	2
OG0001217	1	1	2
OG0001218	1	1	2
OG0001219	1	1	2
OG0001220	1	1	2
OG0001221	1	1	2
OG0001222	1	1	2
OG0001223	1	1	2
OG0001224	1	1	2
OG0001225	1	1	2
OG0001226	1	1	2
OG0001227	1	1	2
OG0001228	1	1	2
OG0001229	1	1	2
OG0001230	1	1	2
OG0001231	1	1	2
OG0001232	1	1	2
OG0001233	1	1	2
OG0001234	1	1	2
OG0001235	1	1	2
OG0001236	1	1	2
OG0001237	1	1	2
OG0001238	1	1	2
OG0001239	1	1	2
OG0001240	1	1	2
OG0001241	1	1	2
OG0001242	1	1	2
OG0001243	1	1	2
OG0001244	1	1	2
OG0001245	1	1	2
OG0001246	1	1	2
OG0001247	1	1	2
OG0001248	1	1	2
OG0001249	1	1	2
OG0001250	1	1	2
OG0001251	1	1	2
OG0001252	1	1	2
OG0001253	1	1	2
OG0001254	1	1	2
OG0001255	1	1	2
OG0001256	1	1	2
OG0001257	1	1	2
OG0001258	1	1	2
OG0001259	1	1	2
OG0001260	1	1	2
OG0001261	1	1	2
OG0001262	1	1	2
OG0001263	1	1	2
OG0001264	1	1	2
OG0001265	1	1	2
OG0001266	1	1	2
OG0001267	1	1	2
OG0001268	1	1	2
OG0001269	1	1	2
OG0001270	1	1	2
OG0001271	1	1	2
OG0001272	1	1	2
OG0001273	1	1	2
OG0001274	1	1	2
OG0001275	1	1	2
OG0001276	1	1	2
OG0001277	1	1	2
OG0001278	1	1	2
OG0001279	1	1	2
OG0001280	1	1	2
OG0001281	1	1	2
OG0001282	1	1	2
OG0001283	1	1	2
OG0001284	1	1	2
OG0001285	1	1	2
OG0001286	1	1	2
OG0001287	1	1	2
OG0001288	1	1	2
OG0001289	1	1	2
OG0001290	1	1	2
OG0001291	1	1	2
OG0001292	1	1	2
OG0001293	1	1	2
OG0001294	1	1	2
OG0001295	1	1	2
OG0001296	1	1	2
OG0001297	1	1	2
OG0001298	1	1	2
OG0001299	1	1	2
OG0001300	1	1	2
OG0001301	1	1	2
OG0001302	1	1	2
OG0001303	1	1	2
OG0001304	1	1	2
OG0001305	1	1	2
OG0001306	1	1	2
OG0001307	1	1	2
OG0001308	1	1	2
OG0001309	1	1	2
OG0001310	1	1	2
OG0001311	1	1	2
OG0001312	1	1	2
OG0001313	1	1	2
OG0001314	1	1	2
OG0001315	1	1	2
OG0001316	1	1	2
OG0001317	1	1	2
OG0001318	1	1	2
OG0001319	1	1	2
OG0001320	1	1	2
OG0001321	1	1	2
OG0001322	1	1	2
OG0001323	1	1	2
OG0001324	1	1	2
OG0001325	1	1	2
OG0001326	1	1	2
OG0001327	1	1	2
OG0001328	1	1	2
OG0001329	1	1	2
OG0001330	1	1	2
OG0001331	1	1	2
OG0001332	1	1	2
OG0001333	1	1	2
OG0001334	1	1	2
OG0001335	1	1	2
OG0001336	1	1	2
OG0001337	1	1	2
OG0001338	1	1	2
OG0001339	1	1	2
OG0001340	1	1	2
OG0001341	1	1	2
OG0001342	1	1	2
OG0001343	1	1	2
OG0001344	1	1	2
OG0001345	1	1	2
OG0001346	1	1	2
OG0001347	1	1	2
OG0001348	1	1	2
OG0001349	1	1	2
OG0001350	1	1	2
OG0001351	1	1	2
OG0001352	1	1	2
OG0001353	1	1	2
OG0001354	1	1	2
OG0001355	1	1	2
OG0001356	1	1	2
OG0001357	1	1	2
OG0001358	1	1	2
OG0001359	1	1	2
OG0001360	1	1	2
OG0001361	1	1	2
OG0001362	1	1	2
OG0001363	1	1	2
OG0001364	1	1	2
OG0001365	1	1	2
OG0001366	1	1	2
OG0001367	1	1	2
OG0001368	1	1	2
OG0001369	1	1	2
OG0001370	1	1	2
OG0001371	1	1	2
OG0001372	1	1	2
OG0001373	1	1	2
OG0001374	1	1	2
OG0001375	1	1	2
OG0001376	1	1	2
OG0001377	1	1	2
OG0001378	1	1	2
OG0001379	1	1	2
OG0001380	1	1	2
OG0001381	1	1	2
OG0001382	1	1	2
OG0001383	1	1	2
OG0001384	1	1	2
OG0001385	1	1	2
OG0001386	1	1	2
OG0001387	1	1	2
OG0001388	1	1	2
OG0001389	1	1	2
OG0001390	1	1	2
OG0001391	1	1	2
OG0001392	1	1	2
OG0001393	1	1	2
OG0001394	1	1	2
OG0001395	1	1	2
OG0001396	1	1	2
OG0001397	1	1	2
OG0001398	1	1	2
OG0001399	1	1	2
OG0001400	1	1	2
OG0001401	1	1	2
OG0001402	1	1	2
OG0001403	1	1	2
OG0001404	1	1	2
OG0001405	1	1	2
OG0001406	1	1	2
OG0001407	1	1	2
OG0001408	1	1	2
OG0001409	1	1	2
OG0001410	1	1	2
OG0001411	1	1	2
OG0001412	1	1	2
OG0001413	1	1	2
OG0001414	1	1	2
OG0001415	1	1	2
OG0001416	1	1	2
OG0001417	1	1	2
OG0001418	1	1	2
OG0001419	1	1	2
OG0001420	1	1	2
OG0001421	1	1	2
OG0001422	1	1	2
OG0001423	1	1	2
OG0001424	1	1	2
OG0001425	1	1	2
OG0001426	1	1	2
OG0001427	1	1	2
OG0001428	1	1	2
OG0001429	1	1	2
OG0001430	1	1	2
OG0001431	1	1	2
OG0001432	1	1	2
OG0001433	1	1	2
OG0001434	1	1	2
OG0001435	1	1	2
OG0001436	1	1	2
OG0001437	1	1	2
OG0001438	1	1	2
OG0001439	1	1	2
OG0001440	1	1	2
OG0001441	1	1	2
OG0001442	1	1	2
OG0001443	1	1	2
OG0001444	1	1	2
OG0001445	1	1	2
OG0001446	1	1	2
OG0001447	1	1	2
OG0001448	1	1	2
OG0001449	1	1	2
OG0001450	1	1	2
OG0001451	1	1	2
OG0001452	1	1	2
OG0001453	1	1	2
OG0001454	1	1	2
OG0001455	1	1	2
OG0001456	1	1	2
OG0001457	1	1	2
OG0001458	1	1	2
OG0001459	1	1	2
OG0001460	1	1	2
OG0001461	1	1	2
OG0001462	1	1	2
OG0001463	1	1	2
OG0001464	1	1	2
OG0001465	1	1	2
OG0001466	1	1	2
OG0001467	1	1	2
OG0001468	1	1	2
OG0001469	1	1	2
OG0001470	1	1	2
OG0001471	1	1	2
OG0001472	1	1	2
OG0001473	1	1	2
OG0001474	1	1	2
OG0001475	1	1	2
OG0001476	1	1	2
OG0001477	1	1	2
OG0001478	1	1	2
OG0001479	1	1	2
OG0001480	1	1	2
OG0001481	1	1	2
OG0001482	1	1	2
OG0001483	1	1	2
OG0001484	1	1	2
OG0001485	1	1	2
OG0001486	1	1	2
OG0001487	1	1	2
OG0001488	1	1	2
OG0001489	1	1	2
OG0001490	1	1	2
OG0001491	1	1	2
OG0001492	1	1	2
OG0001493	1	1	2
OG0001494	1	1	2
OG0001495	1	1	2
OG0001496	1	1	2
OG0001497	1	1	2
OG0001498	1	1	2
OG0001499	1	1	2
OG0001500	1	1	2
OG0001501	1	1	2
OG0001502	1	1	2
OG0001503	1	1	2
OG0001504	1	1	2
OG0001505	1	1	2
OG0001506	1	1	2
OG0001507	1	1	2
OG0001508	1	1	2
OG0001509	1	1	2
OG0001510	1	1	2
OG0001511	1	1	2
OG0001512	1	1	2
OG0001513	1	1	2
OG0001514	1	1	2
OG0001515	1	1	2
OG0001516	1	1	2
OG0001517	1	1	2
OG0001518	1	1	2
OG0001519	1	1	2
OG0001520	1	1	2
OG0001521	1	1	2
OG0001522	1	1	2
OG0001523	1	1	2
OG0001524	1	1	2
OG0001525	1	1	2
OG0001526	1	1	2
OG0001527	1	1	2
OG0001528	1	1	2
OG0001529	1	1	2
OG0001530	1	1	2
OG0001531	1	1	2
OG0001532	1	1	2
OG0001533	1	1	2
OG0001534	1	1	2
OG0001535	1	1	2
OG0001536	1	1	2
OG0001537	1	1	2
OG0001538	1	1	2
OG0001539	1	1	2
OG0001540	1	1	2
OG0001541	1	1	2
OG0001542	1	1	2
OG0001543	1	1	2
OG0001544	1	1	2
OG0001545	1	1	2
OG0001546	1	1	2
OG0001547	1	1	2
OG0001548	1	1	2
OG0001549	1	1	2
OG0001550	1	1	2
OG0001551	1	1	2
OG0001552	1	1	2
OG0001553	1	1	2
OG0001554	1	1	2
OG0001555	1	1	2
OG0001556	1	1	2
OG0001557	1	1	2
OG0001558	1	1	2
OG0001559	1	1	2
OG0001560	1	1	2
OG0001561	1	1	2
OG0001562	1	1	2
OG0001563	1	1	2
OG0001564	1	1	2
OG0001565	1	1	2
OG0001566	1	1	2
OG0001567	1	1	2
OG0001568	1	1	2
OG0001569	1	1	2
OG0001570	1	1	2
OG0001571	1	1	2
OG0001572	1	1	2
OG0001573	1	1	2
OG0001574	1	1	2
OG0001575	1	1	2
OG0001576	1	1	2
OG0001577	1	1	2
OG0001578	1	1	2
OG0001579	1	1	2
OG0001580	1	1	2
OG0001581	1	1	2
OG0001582	1	1	2
OG0001583	1	1	2
OG0001584	1	1	2
OG0001585	1	1	2
OG0001586	1	1	2
OG0001587	1	1	2
OG0001588	1	1	2
OG0001589	1	1	2
OG0001590	1	1	2
OG0001591	1	1	2
OG0001592	1	1	2
OG0001593	1	1	2
OG0001594	1	1	2
OG0001595	1	1	2
OG0001596	1	1	2
OG0001597	1	1	2
OG0001598	1	1	2
OG0001599	1	1	2
OG0001600	1	1	2
OG0001601	1	1	2
OG0001602	1	1	2
OG0001603	1	1	2
OG0001604	1	1	2
OG0001605	1	1	2
OG0001606	1	1	2
OG0001607	1	1	2
OG0001608	1	1	2
OG0001609	1	1	2
OG0001610	1	1	2
OG0001611	1	1	2
OG0001612	1	1	2
OG0001613	1	1	2
OG0001614	1	1	2
OG0001615	1	1	2
OG0001616	1	1	2
OG0001617	1	1	2
OG0001618	1	1	2
OG0001619	1	1	2
OG0001620	1	1	2
OG0001621	1	1	2
OG0001622	1	1	2
OG0001623	1	1	2
OG0001624	1	1	2
OG0001625	1	1	2
OG0001626	1	1	2
OG0001627	1	1	2
OG0001628	1	1	2
OG0001629	1	1	2
OG0001630	1	1	2
OG0001631	1	1	2
OG0001632	1	1	2
OG0001633	1	1	2
OG0001634	1	1	2
OG0001635	1	1	2
OG0001636	1	1	2
OG0001637	1	1	2
OG0001638	1	1	2
OG0001639	1	1	2
OG0001640	1	1	2
OG0001641	1	1	2
OG0001642	1	1	2
OG0001643	1	1	2
OG0001644	1	1	2
OG0001645	1	1	2
OG0001646	1	1	2
OG0001647	1	1	2
OG0001648	1	1	2
OG0001649	1	1	2
OG0001650	1	1	2
OG0001651	1	1	2
OG0001652	1	1	2
OG0001653	1	1	2
OG0001654	1	1	2
OG0001655	1	1	2
OG0001656	1	1	2
OG0001657	1	1	2
OG0001658	1	1	2
OG0001659	1	1	2
OG0001660	1	1	2
OG0001661	1	1	2
OG0001662	1	1	2
OG0001663	1	1	2
OG0001664	1	1	2
OG0001665	1	1	2
OG0001666	1	1	2
OG0001667	1	1	2
OG0001668	1	1	2
OG0001669	1	1	2
OG0001670	1	1	2
OG0001671	1	1	2
OG0001672	1	1	2
OG0001673	1	1	2
OG0001674	1	1	2
OG0001675	1	1	2
OG0001676	1	1	2
OG0001677	1	1	2
OG0001678	1	1	2
OG0001679	1	1	2
OG0001680	1	1	2
OG0001681	1	1	2
OG0001682	1	1	2
OG0001683	1	1	2
OG0001684	1	1	2
OG0001685	1	1	2
OG0001686	1	1	2
OG0001687	1	1	2
OG0001688	1	1	2
OG0001689	1	1	2
OG0001690	1	1	2
OG0001691	1	1	2
OG0001692	1	1	2
OG0001693	1	1	2
OG0001694	1	1	2
OG0001695	1	1	2
OG0001696	1	1	2
OG0001697	1	1	2
OG0001698	1	1	2
OG0001699	1	1	2
OG0001700	1	1	2
OG0001701	1	1	2
OG0001702	1	1	2
OG0001703	1	1	2
OG0001704	1	1	2
OG0001705	1	1	2
OG0001706	1	1	2
OG0001707	1	1	2
OG0001708	1	1	2
OG0001709	1	1	2
OG0001710	1	1	2
OG0001711	1	1	2
OG0001712	1	1	2
OG0001713	1	1	2
OG0001714	1	1	2
OG0001715	1	1	2
OG0001716	1	1	2
OG0001717	1	1	2
OG0001718	1	1	2
OG0001719	1	1	2
OG0001720	1	1	2
OG0001721	1	1	2
OG0001722	1	1	2
OG0001723	1	1	2
OG0001724	1	1	2
OG0001725	1	1	2
OG0001726	1	1	2
OG0001727	1	1	2
OG0001728	1	1	2
OG0001729	1	1	2
OG0001730	1	1	2
OG0001731	1	1	2
OG0001732	1	1	2
OG0001733	1	1	2
OG0001734	1	1	2
OG0001735	1	1	2
OG0001736	1	1	2
OG0001737	1	1	2
OG0001738	1	1	2
OG0001739	1	1	2
OG0001740	1	1	2
OG0001741	1	1	2
OG0001742	1	1	2
OG0001743	1	1	2
OG0001744	1	1	2
OG0001745	1	1	2
OG0001746	1	1	2
OG0001747	1	1	2
OG0001748	1	1	2
OG0001749	1	1	2
OG0001750	1	1	2
OG0001751	1	1	2
OG0001752	1	1	2
OG0001753	1	1	2
OG0001754	1	1	2
OG0001755	1	1	2
OG0001756	1	1	2
OG0001757	1	1	2
OG0001758	1	1	2
OG0001759	1	1	2
OG0001760	1	1	2
OG0001761	1	1	2
OG0001762	1	1	2
OG0001763	1	1	2
OG0001764	1	1	2
OG0001765	1	1	2
OG0001766	1	1	2
OG0001767	1	1	2
OG0001768	1	1	2
OG0001769	1	1	2
OG0001770	1	1	2
OG0001771	1	1	2
OG0001772	1	1	2
OG0001773	1	1	2
OG0001774	1	1	2
OG0001775	1	1	2
OG0001776	1	1	2
OG0001777	1	1	2
OG0001778	1	1	2
OG0001779	1	1	2
OG0001780	1	1	2
OG0001781	1	1	2
OG0001782	1	1	2
OG0001783	1	1	2
OG0001784	1	1	2
OG0001785	1	1	2
OG0001786	1	1	2
OG0001787	1	1	2
OG0001788	1	1	2
OG0001789	1	1	2
OG0001790	1	1	2
OG0001791	1	1	2
OG0001792	1	1	2
OG0001793	1	1	2
OG0001794	1	1	2
OG0001795	1	1	2
OG0001796	1	1	2
OG0001797	1	1	2
OG0001798	1	1	2
OG0001799	1	1	2
OG0001800	1	1	2
OG0001801	1	1	2
OG0001802	1	1	2
OG0001803	1	1	2
OG0001804	1	1	2
OG0001805	1	1	2
OG0001806	1	1	2
OG0001807	1	1	2
OG0001808	1	1	2
OG0001809	1	1	2
OG0001810	1	1	2
OG0001811	1	1	2
OG0001812	1	1	2
OG0001813	1	1	2
OG0001814	1	1	2
OG0001815	1	1	2
OG0001816	1	1	2
OG0001817	1	1	2
OG0001818	1	1	2
OG0001819	1	1	2
OG0001820	1	1	2
OG0001821	1	1	2
OG0001822	1	1	2
OG0001823	1	1	2
OG0001824	1	1	2
OG0001825	1	1	2
OG0001826	1	1	2
OG0001827	1	1	2
OG0001828	1	1	2
OG0001829	1	1	2
OG0001830	1	1	2
OG0001831	1	1	2
OG0001832	1	1	2
OG0001833	1	1	2
OG0001834	1	1	2
OG0001835	1	1	2
OG0001836	1	1	2
OG0001837	1	1	2
OG0001838	1	1	2
OG0001839	1	1	2
OG0001840	1	1	2
OG0001841	1	1	2
OG0001842	1	1	2
OG0001843	1	1	2
OG0001844	1	1	2
OG0001845	1	1	2
OG0001846	1	1	2
OG0001847	1	1	2
OG0001848	1	1	2
OG0001849	1	1	2
OG0001850	1	1	2
OG0001851	1	1	2
OG0001852	1	1	2
OG0001853	1	1	2
OG0001854	1	1	2
OG0001855	1	1	2
OG0001856	1	1	2
OG0001857	1	1	2
OG0001858	1	1	2
OG0001859	1	1	2
OG0001860	1	1	2
OG0001861	1	1	2
OG0001862	1	1	2
OG0001863	1	1	2
OG0001864	1	1	2
OG0001865	1	1	2
OG0001866	1	1	2
OG0001867	1	1	2
OG0001868	1	1	2
OG0001869	1	1	2
OG0001870	1	1	2
OG0001871	1	1	2
OG0001872	1	1	2
OG0001873	1	1	2
OG0001874	1	1	2
OG0001875	1	1	2
OG0001876	1	1	2
OG0001877	1	1	2
OG0001878	1	1	2
OG0001879	1	1	2
OG0001880	1	1	2
OG0001881	1	1	2
OG0001882	1	1	2
OG0001883	1	1	2
OG0001884	1	1	2
OG0001885	1	1	2
OG0001886	1	1	2
OG0001887	1	1	2
OG0001888	1	1	2
OG0001889	1	1	2
OG0001890	1	1	2
OG0001891	1	1	2
OG0001892	1	1	2
OG0001893	1	1	2
OG0001894	1	1	2
OG0001895	1	1	2
OG0001896	1	1	2
OG0001897	1	1	2
OG0001898	1	1	2
OG0001899	1	1	2
OG0001900	1	1	2
OG0001901	1	1	2
OG0001902	1	1	2
OG0001903	1	1	2
OG0001904	1	1	2
OG0001905	1	1	2
OG0001906	1	1	2
OG0001907	1	1	2
OG0001908	1	1	2
OG0001909	1	1	2
OG0001910	1	1	2
OG0001911	1	1	2
OG0001912	1	1	2
OG0001913	1	1	2
OG0001914	1	1	2
OG0001915	1	1	2
OG0001916	1	1	2
OG0001917	1	1	2
OG0001918	1	1	2
OG0001919	1	1	2
OG0001920	1	1	2
OG0001921	1	1	2
OG0001922	1	1	2
OG0001923	1	1	2
OG0001924	1	1	2
OG0001925	1	1	2
OG0001926	1	1	2
OG0001927	1	1	2
OG0001928	1	1	2
OG0001929	1	1	2
OG0001930	1	1	2
OG0001931	1	1	2
OG0001932	1	1	2
OG0001933	1	1	2
OG0001934	1	1	2
OG0001935	1	1	2
OG0001936	1	1	2
OG0001937	1	1	2
OG0001938	1	1	2
OG0001939	1	1	2
OG0001940	1	1	2
OG0001941	1	1	2
OG0001942	1	1	2
OG0001943	1	1	2
OG0001944	1	1	2
OG0001945	1	1	2
OG0001946	1	1	2
OG0001947	1	1	2
OG0001948	1	1	2
OG0001949	1	1	2
OG0001950	1	1	2
OG0001951	1	1	2
OG0001952	1	1	2
OG0001953	1	1	2
OG0001954	1	1	2
OG0001955	1	1	2
OG0001956	1	1	2
OG0001957	1	1	2
OG0001958	1	1	2
OG0001959	1	1	2
OG0001960	1	1	2
OG0001961	1	1	2
OG0001962	1	1	2
OG0001963	1	1	2
OG0001964	1	1	2
OG0001965	1	1	2
OG0001966	1	1	2
OG0001967	1	1	2
OG0001968	1	1	2
OG0001969	1	1	2
OG0001970	1	1	2
OG0001971	1	1	2
OG0001972	1	1	2
OG0001973	1	1	2
OG0001974	1	1	2
OG0001975	1	1	2
OG0001976	1	1	2
OG0001977	1	1	2
OG0001978	1	1	2
OG0001979	1	1	2
OG0001980	1	1	2
OG0001981	1	1	2
OG0001982	1	1	2
OG0001983	1	1	2
OG0001984	1	1	2
OG0001985	1	1	2
OG0001986	1	1	2
OG0001987	1	1	2
OG0001988	1	1	2
OG0001989	1	1	2
OG0001990	1	1	2
OG0001991	1	1	2
OG0001992	1	1	2
OG0001993	1	1	2
OG0001994	1	1	2
OG0001995	1	1	2
OG0001996	1	1	2
OG0001997	1	1	2
OG0001998	1	1	2
OG0001999	1	1	2
OG0002000	1	1	2
OG0002001	1	1	2
OG0002002	1	1	2
OG0002003	1	1	2
OG0002004	1	1	2
OG0002005	1	1	2
OG0002006	1	1	2
OG0002007	1	1	2
OG0002008	1	1	2
OG0002009	1	1	2
OG0002010	1	1	2
OG0002011	1	1	2
OG0002012	1	1	2
OG0002013	1	1	2
OG0002014	1	1	2
OG0002015	1	1	2
OG0002016	1	1	2
OG0002017	1	1	2
OG0002018	1	1	2
OG0002019	1	1	2
OG0002020	1	1	2
OG0002021	1	1	2
OG0002022	1	1	2
OG0002023	1	1	2
OG0002024	1	1	2
OG0002025	1	1	2
OG0002026	1	1	2
OG0002027	1	1	2
OG0002028	1	1	2
OG0002029	1	1	2
OG0002030	1	1	2
OG0002031	1	1	2
OG0002032	1	1	2
OG0002033	1	1	2
OG0002034	1	1	2
OG0002035	1	1	2
OG0002036	1	1	2
OG0002037	1	1	2
OG0002038	1	1	2
OG0002039	1	1	2
OG0002040	1	1	2
OG0002041	1	1	2
OG0002042	1	1	2
OG0002043	1	1	2
OG0002044	1	1	2
OG0002045	1	1	2
OG0002046	1	1	2
OG0002047	1	1	2
OG0002048	1	1	2
OG0002049	1	1	2
OG0002050	1	1	2
OG0002051	1	1	2
OG0002052	1	1	2
OG0002053	1	1	2
OG0002054	1	1	2
OG0002055	1	1	2
OG0002056	1	1	2
OG0002057	1	1	2
OG0002058	1	1	2
OG0002059	1	1	2
OG0002060	1	1	2
OG0002061	1	1	2
OG0002062	1	1	2
OG0002063	1	1	2
OG0002064	1	1	2
OG0002065	1	1	2
OG0002066	1	1	2
OG0002067	1	1	2
OG0002068	1	1	2
OG0002069	1	1	2
OG0002070	1	1	2
OG0002071	1	1	2
OG0002072	1	1	2
OG0002073	1	1	2
OG0002074	1	1	2
OG0002075	1	1	2
OG0002076	1	1	2
OG0002077	1	1	2
OG0002078	1	1	2
OG0002079	1	1	2
OG0002080	1	1	2
OG0002081	1	1	2
OG0002082	1	1	2
OG0002083	1	1	2
OG0002084	1	1	2
OG0002085	1	1	2
OG0002086	1	1	2
OG0002087	1	1	2
OG0002088	1	1	2
OG0002089	1	1	2
OG0002090	1	1	2
OG0002091	1	1	2
OG0002092	1	1	2
OG0002093	1	1	2
OG0002094	1	1	2
OG0002095	1	1	2
OG0002096	1	1	2
OG0002097	1	1	2
OG0002098	1	1	2
OG0002099	1	1	2
OG0002100	1	1	2
OG0002101	1	1	2
OG0002102	1	1	2
OG0002103	1	1	2
OG0002104	1	1	2
OG0002105	1	1	2
OG0002106	1	1	2
OG0002107	1	1	2
OG0002108	1	1	2
OG0002109	1	1	2
OG0002110	1	1	2
OG0002111	1	1	2
OG0002112	1	1	2
OG0002113	1	1	2
OG0002114	1	1	2
OG0002115	1	1	2
OG0002116	1	1	2
OG0002117	1	1	2
OG0002118	1	1	2
OG0002119	1	1	2
OG0002120	1	1	2
OG0002121	1	1	2
OG0002122	1	1	2
OG0002123	1	1	2
OG0002124	1	1	2
OG0002125	1	1	2
OG0002126	1	1	2
OG0002127	1	1	2
OG0002128	1	1	2
OG0002129	1	1	2
OG0002130	1	1	2
OG0002131	1	1	2
OG0002132	1	1	2
OG0002133	1	1	2
OG0002134	1	1	2
OG0002135	1	1	2
OG0002136	1	1	2
OG0002137	1	1	2
OG0002138	1	1	2
OG0002139	1	1	2
OG0002140	1	1	2
OG0002141	1	1	2
OG0002142	1	1	2
OG0002143	1	1	2
OG0002144	1	1	2
OG0002145	1	1	2
OG0002146	1	1	2
OG0002147	1	1	2
OG0002148	1	1	2
OG0002149	1	1	2
OG0002150	1	1	2
OG0002151	1	1	2
OG0002152	1	1	2
OG0002153	1	1	2
OG0002154	1	1	2
OG0002155	1	1	2
OG0002156	1	1	2
OG0002157	1	1	2
OG0002158	1	1	2
OG0002159	1	1	2
OG0002160	1	1	2
OG0002161	1	1	2
OG0002162	1	1	2
OG0002163	1	1	2
OG0002164	1	1	2
OG0002165	1	1	2
OG0002166	1	1	2
OG0002167	1	1	2
OG0002168	1	1	2
OG0002169	1	1	2
OG0002170	1	1	2
OG0002171	1	1	2
OG0002172	1	1	2
OG0002173	1	1	2
OG0002174	1	1	2
OG0002175	1	1	2
OG0002176	1	1	2
OG0002177	1	1	2
OG0002178	1	1	2
OG0002179	1	1	2
OG0002180	1	1	2
OG0002181	1	1	2
OG0002182	1	1	2
OG0002183	1	1	2
OG0002184	1	1	2
OG0002185	1	1	2
OG0002186	1	1	2
OG0002187	1	1	2
OG0002188	1	1	2
OG0002189	1	1	2
OG0002190	1	1	2
OG0002191	1	1	2
OG0002192	1	1	2
OG0002193	1	1	2
OG0002194	1	1	2
OG0002195	1	1	2
OG0002196	1	1	2
OG0002197	1	1	2
OG0002198	1	1	2
OG0002199	1	1	2
OG0002200	1	1	2
OG0002201	1	1	2
OG0002202	1	1	2
OG0002203	1	1	2
OG0002204	1	1	2
OG0002205	1	1	2
OG0002206	1	1	2
OG0002207	1	1	2
OG0002208	1	1	2
OG0002209	1	1	2
OG0002210	1	1	2
OG0002211	1	1	2
OG0002212	1	1	2
OG0002213	1	1	2
OG0002214	1	1	2
OG0002215	1	1	2
OG0002216	1	1	2
OG0002217	1	1	2
OG0002218	1	1	2
OG0002219	1	1	2
OG0002220	1	1	2
OG0002221	1	1	2
OG0002222	1	1	2
OG0002223	1	1	2
OG0002224	1	1	2
OG0002225	1	1	2
OG0002226	1	1	2
OG0002227	1	1	2
OG0002228	1	1	2
OG0002229	1	1	2
OG0002230	1	1	2
OG0002231	1	1	2
OG0002232	1	1	2
OG0002233	1	1	2
OG0002234	1	1	2
OG0002235	1	1	2
OG0002236	1	1	2
OG0002237	1	1	2
OG0002238	1	1	2
OG0002239	1	1	2
OG0002240	1	1	2
OG0002241	1	1	2
OG0002242	1	1	2
OG0002243	1	1	2
OG0002244	1	1	2
OG0002245	1	1	2
OG0002246	1	1	2
OG0002247	1	1	2
OG0002248	1	1	2
OG0002249	1	1	2
OG0002250	1	1	2
OG0002251	1	1	2
OG0002252	1	1	2
OG0002253	1	1	2
OG0002254	1	1	2
OG0002255	1	1	2
OG0002256	1	1	2
OG0002257	1	1	2
OG0002258	1	1	2
OG0002259	1	1	2
OG0002260	1	1	2
OG0002261	1	1	2
OG0002262	1	1	2
OG0002263	1	1	2
OG0002264	1	1	2
OG0002265	1	1	2
OG0002266	1	1	2
OG0002267	1	1	2
OG0002268	1	1	2
OG0002269	1	1	2
OG0002270	1	1	2
OG0002271	1	1	2
OG0002272	1	1	2
OG0002273	1	1	2
OG0002274	1	1	2
OG0002275	1	1	2
OG0002276	1	1	2
OG0002277	1	1	2
OG0002278	1	1	2
OG0002279	1	1	2
OG0002280	1	1	2
OG0002281	1	1	2
OG0002282	1	1	2
OG0002283	1	1	2
OG0002284	1	1	2
OG0002285	1	1	2
OG0002286	1	1	2
OG0002287	1	1	2
OG0002288	1	1	2
OG0002289	1	1	2
OG0002290	1	1	2
OG0002291	1	1	2
OG0002292	1	1	2
OG0002293	1	1	2
OG0002294	1	1	2
OG0002295	1	1	2
OG0002296	1	1	2
OG0002297	1	1	2
OG0002298	1	1	2
OG0002299	1	1	2
OG0002300	1	1	2
OG0002301	1	1	2
OG0002302	1	1	2
OG0002303	1	1	2
OG0002304	1	1	2
OG0002305	1	1	2
OG0002306	1	1	2
OG0002307	1	1	2
OG0002308	1	1	2
OG0002309	1	1	2
OG0002310	1	1	2
OG0002311	1	1	2
OG0002312	1	1	2
OG0002313	1	1	2
OG0002314	1	1	2
OG0002315	1	1	2
OG0002316	1	1	2
OG0002317	1	1	2
OG0002318	1	1	2
OG0002319	1	1	2
OG0002320	1	1	2
OG0002321	1	1	2
OG0002322	1	1	2
OG0002323	1	1	2
OG0002324	1	1	2
OG0002325	1	1	2
OG0002326	1	1	2
OG0002327	1	1	2
OG0002328	1	1	2
OG0002329	1	1	2
OG0002330	1	1	2
OG0002331	1	1	2
OG0002332	1	1	2
OG0002333	1	1	2
OG0002334	1	1	2
OG0002335	1	1	2
OG0002336	1	1	2
OG0002337	1	1	2
OG0002338	1	1	2
OG0002339	1	1	2
OG0002340	1	1	2
OG0002341	1	1	2
OG0002342	1	1	2
OG0002343	1	1	2
OG0002344	1	1	2
OG0002345	1	1	2
OG0002346	1	1	2
OG0002347	1	1	2
OG0002348	1	1	2
OG0002349	1	1	2
OG0002350	1	1	2
OG0002351	1	1	2
OG0002352	1	1	2
OG0002353	1	1	2
OG0002354	1	1	2
OG0002355	1	1	2
OG0002356	1	1	2
OG0002357	1	1	2
OG0002358	1	1	2
OG0002359	1	1	2
OG0002360	1	1	2
OG0002361	1	1	2
OG0002362	1	1	2
OG0002363	1	1	2
OG0002364	1	1	2
OG0002365	1	1	2
OG0002366	1	1	2
OG0002367	1	1	2
OG0002368	1	1	2
OG0002369	1	1	2
OG0002370	1	1	2
OG0002371	1	1	2
OG0002372	1	1	2
OG0002373	1	1	2
OG0002374	1	1	2
OG0002375	1	1	2
OG0002376	1	1	2
OG0002377	1	1	2
OG0002378	1	1	2
OG0002379	1	1	2
OG0002380	1	1	2
OG0002381	1	1	2
OG0002382	1	1	2
OG0002383	1	1	2
OG0002384	1	1	2
OG0002385	1	1	2
OG0002386	1	1	2
OG0002387	1	1	2
OG0002388	1	1	2
OG0002389	1	1	2
OG0002390	1	1	2
OG0002391	1	1	2
OG0002392	1	1	2
OG0002393	1	1	2
OG0002394	1	1	2
OG0002395	1	1	2
OG0002396	1	1	2
OG0002397	1	1	2
OG0002398	1	1	2
OG0002399	1	1	2
OG0002400	1	1	2
OG0002401	1	1	2
OG0002402	1	1	2
OG0002403	1	1	2
OG0002404	1	1	2
OG0002405	1	1	2
OG0002406	1	1	2
OG0002407	1	1	2
OG0002408	1	1	2
OG0002409	1	1	2
OG0002410	1	1	2
OG0002411	1	1	2
OG0002412	1	1	2
OG0002413	1	1	2
OG0002414	1	1	2
OG0002415	1	1	2
OG0002416	1	1	2
OG0002417	1	1	2
OG0002418	1	1	2
OG0002419	1	1	2
OG0002420	1	1	2
OG0002421	1	1	2
OG0002422	1	1	2
OG0002423	1	1	2
OG0002424	1	1	2
OG0002425	1	1	2
OG0002426	1	1	2
OG0002427	1	1	2
OG0002428	1	1	2
OG0002429	1	1	2
OG0002430	1	1	2
OG0002431	1	1	2
OG0002432	1	1	2
OG0002433	2	0	2
OG0002434	1	1	2
OG0002435	1	1	2
OG0002436	1	1	2
OG0002437	1	1	2
OG0002438	1	1	2
OG0002439	1	1	2
OG0002440	1	1	2
OG0002441	1	1	2
OG0002442	1	1	2
OG0002443	1	1	2
OG0002444	1	1	2
OG0002445	1	1	2
OG0002446	1	1	2
OG0002447	1	1	2
OG0002448	1	1	2
OG0002449	1	1	2
OG0002450	1	1	2
OG0002451	1	1	2
OG0002452	1	1	2
OG0002453	1	1	2
OG0002454	1	1	2
OG0002455	1	1	2
OG0002456	1	1	2
OG0002457	1	1	2
OG0002458	1	1	2
OG0002459	1	1	2
OG0002460	1	1	2
OG0002461	1	1	2
OG0002462	1	1	2
OG0002463	1	1	2
OG0002464	1	1	2
OG0002465	1	1	2
OG0002466	1	1	2
OG0002467	1	1	2
OG0002468	1	1	2
OG0002469	1	1	2
OG0002470	1	1	2
OG0002471	1	1	2
OG0002472	1	1	2
OG0002473	1	1	2
OG0002474	1	1	2
OG0002475	1	1	2
OG0002476	1	1	2
OG0002477	1	1	2
OG0002478	1	1	2
OG0002479	1	1	2
OG0002480	1	1	2
OG0002481	1	1	2
OG0002482	1	1	2
OG0002483	1	1	2
OG0002484	1	1	2
OG0002485	1	1	2
OG0002486	1	1	2
OG0002487	1	1	2
OG0002488	1	1	2
OG0002489	1	1	2
OG0002490	1	1	2
OG0002491	1	1	2
OG0002492	1	1	2
OG0002493	1	1	2
OG0002494	1	1	2
OG0002495	1	1	2
OG0002496	1	1	2
OG0002497	1	1	2
OG0002498	1	1	2
OG0002499	1	1	2
OG0002500	1	1	2
OG0002501	1	1	2
OG0002502	1	1	2
OG0002503	1	1	2
OG0002504	1	1	2
OG0002505	1	1	2
OG0002506	1	1	2
OG0002507	1	1	2
OG0002508	1	1	2
OG0002509	1	1	2
OG0002510	1	1	2
OG0002511	1	1	2
OG0002512	1	1	2
OG0002513	1	1	2
OG0002514	1	1	2
OG0002515	1	1	2
OG0002516	1	1	2
OG0002517	1	1	2
OG0002518	1	1	2
OG0002519	1	1	2
OG0002520	1	1	2
OG0002521	1	1	2
OG0002522	1	1	2
OG0002523	1	1	2
OG0002524	1	1	2
OG0002525	1	1	2
OG0002526	1	1	2
OG0002527	1	1	2
OG0002528	1	1	2
OG0002529	1	1	2
OG0002530	1	1	2
OG0002531	1	1	2
OG0002532	1	1	2
OG0002533	1	1	2
OG0002534	1	1	2
OG0002535	1	1	2
OG0002536	1	1	2
OG0002537	1	1	2
OG0002538	1	1	2
OG0002539	1	1	2
OG0002540	1	1	2
OG0002541	1	1	2
OG0002542	1	1	2
OG0002543	1	1	2
OG0002544	1	1	2
OG0002545	1	1	2
OG0002546	1	1	2
OG0002547	1	1	2
OG0002548	1	1	2
OG0002549	1	1	2
OG0002550	1	1	2
OG0002551	1	1	2
OG0002552	1	1	2
OG0002553	1	1	2
OG0002554	1	1	2
OG0002555	1	1	2
OG0002556	1	1	2
OG0002557	1	1	2
OG0002558	1	1	2
OG0002559	1	1	2
OG0002560	1	1	2
OG0002561	1	1	2
OG0002562	1	1	2
OG0002563	1	1	2
OG0002564	1	1	2
OG0002565	1	1	2
OG0002566	1	1	2
OG0002567	1	1	2
OG0002568	1	1	2
OG0002569	1	1	2
OG0002570	1	1	2
OG0002571	1	1	2
OG0002572	1	1	2
OG0002573	1	1	2
OG0002574	1	1	2
OG0002575	1	1	2
OG0002576	1	1	2
OG0002577	1	1	2
OG0002578	1	1	2
OG0002579	1	1	2
OG0002580	1	1	2
OG0002581	1	1	2
OG0002582	1	1	2
OG0002583	1	1	2
OG0002584	1	1	2
OG0002585	1	1	2
OG0002586	1	1	2
OG0002587	1	1	2
OG0002588	1	1	2
OG0002589	1	1	2
OG0002590	1	1	2
OG0002591	1	1	2
OG0002592	1	1	2
OG0002593	1	1	2
OG0002594	1	1	2
OG0002595	1	1	2
OG0002596	1	1	2
OG0002597	1	1	2
OG0002598	1	1	2
OG0002599	1	1	2
OG0002600	1	1	2
OG0002601	1	1	2
OG0002602	1	1	2
OG0002603	1	1	2
OG0002604	1	1	2
OG0002605	1	1	2
OG0002606	1	1	2
OG0002607	1	1	2
OG0002608	1	1	2
OG0002609	1	1	2
OG0002610	1	1	2
OG0002611	1	1	2
OG0002612	1	1	2
OG0002613	1	1	2
OG0002614	1	1	2
OG0002615	1	1	2
OG0002616	1	1	2
OG0002617	1	1	2
OG0002618	1	1	2
OG0002619	1	1	2
OG0002620	1	1	2
OG0002621	1	1	2
OG0002622	1	1	2
OG0002623	1	1	2
OG0002624	1	1	2
OG0002625	1	1	2
OG0002626	1	1	2
OG0002627	1	1	2
OG0002628	1	1	2
OG0002629	1	1	2
OG0002630	1	1	2
OG0002631	1	1	2
OG0002632	1	1	2
OG0002633	1	1	2
OG0002634	1	1	2
OG0002635	1	1	2
OG0002636	1	1	2
OG0002637	1	1	2
OG0002638	1	1	2
OG0002639	1	1	2
OG0002640	1	1	2
OG0002641	1	1	2
OG0002642	1	1	2
OG0002643	1	1	2
OG0002644	1	1	2
OG0002645	1	1	2
OG0002646	1	1	2
OG0002647	1	1	2
OG0002648	1	1	2
OG0002649	1	1	2
OG0002650	1	1	2
OG0002651	1	1	2
OG0002652	1	1	2
OG0002653	1	1	2
OG0002654	1	1	2
OG0002655	1	1	2
OG0002656	1	1	2
OG0002657	1	1	2
OG0002658	1	1	2
OG0002659	1	1	2
OG0002660	1	1	2
OG0002661	1	1	2
OG0002662	1	1	2
OG0002663	1	1	2
OG0002664	1	1	2
OG0002665	1	1	2
OG0002666	1	1	2
OG0002667	1	1	2
OG0002668	1	1	2
OG0002669	1	1	2
OG0002670	1	1	2
OG0002671	1	1	2
OG0002672	1	1	2
OG0002673	1	1	2
OG0002674	1	1	2
OG0002675	1	1	2
OG0002676	1	1	2
OG0002677	1	1	2
OG0002678	1	1	2
OG0002679	1	1	2
OG0002680	1	1	2
OG0002681	1	1	2
OG0002682	1	1	2
OG0002683	1	1	2
OG0002684	1	1	2
OG0002685	1	1	2
OG0002686	1	1	2
OG0002687	1	1	2
OG0002688	1	1	2
OG0002689	1	1	2
OG0002690	1	1	2
OG0002691	1	1	2
OG0002692	1	1	2
OG0002693	1	1	2
OG0002694	1	1	2
OG0002695	1	1	2
OG0002696	1	1	2
OG0002697	1	1	2
OG0002698	1	1	2
OG0002699	1	1	2
OG0002700	1	1	2
OG0002701	1	1	2
OG0002702	1	1	2
OG0002703	1	1	2
OG0002704	1	1	2
OG0002705	1	1	2
OG0002706	1	1	2
OG0002707	1	1	2
OG0002708	1	1	2
OG0002709	1	1	2
OG0002710	1	1	2
OG0002711	1	1	2
OG0002712	1	1	2
OG0002713	1	1	2
OG0002714	1	1	2
OG0002715	1	1	2
OG0002716	1	1	2
OG0002717	1	1	2
OG0002718	1	1	2
OG0002719	1	1	2
OG0002720	1	1	2
OG0002721	1	1	2
OG0002722	1	1	2
OG0002723	1	1	2
OG0002724	1	1	2
OG0002725	1	1	2
OG0002726	1	1	2
OG0002727	1	1	2
OG0002728	1	1	2
OG0002729	1	1	2
OG0002730	1	1	2
OG0002731	1	1	2
OG0002732	1	1	2
OG0002733	1	1	2
OG0002734	1	1	2
OG0002735	1	1	2
OG0002736	1	1	2
OG0002737	1	1	2
OG0002738	1	1	2
OG0002739	1	1	2
OG0002740	1	1	2
OG0002741	1	1	2
OG0002742	1	1	2
OG0002743	1	1	2
OG0002744	1	1	2
OG0002745	1	1	2
OG0002746	1	1	2
OG0002747	1	1	2
OG0002748	1	1	2
OG0002749	1	1	2
OG0002750	1	1	2
OG0002751	1	1	2
OG0002752	1	1	2
OG0002753	1	1	2
OG0002754	1	1	2
OG0002755	1	1	2
OG0002756	1	1	2
OG0002757	1	1	2
OG0002758	1	1	2
OG0002759	1	1	2
OG0002760	1	1	2
OG0002761	1	1	2
OG0002762	1	1	2
OG0002763	1	1	2
OG0002764	1	1	2
OG0002765	1	1	2
OG0002766	1	1	2
OG0002767	1	1	2
OG0002768	1	1	2
OG0002769	1	1	2
OG0002770	1	1	2
OG0002771	1	1	2
OG0002772	1	1	2
OG0002773	1	1	2
OG0002774	1	1	2
OG0002775	1	1	2
OG0002776	1	1	2
OG0002777	1	1	2
OG0002778	1	1	2
OG0002779	1	1	2
OG0002780	1	1	2
OG0002781	1	1	2
OG0002782	1	1	2
OG0002783	1	1	2
OG0002784	1	1	2
OG0002785	1	1	2
OG0002786	1	1	2
OG0002787	1	1	2
OG0002788	1	1	2
OG0002789	1	1	2
OG0002790	1	1	2
OG0002791	1	1	2
OG0002792	1	1	2
OG0002793	1	1	2
OG0002794	1	1	2
OG0002795	1	1	2
OG0002796	1	1	2
OG0002797	1	1	2
OG0002798	1	1	2
OG0002799	1	1	2
OG0002800	1	1	2
OG0002801	1	1	2
OG0002802	1	1	2
OG0002803	1	1	2
OG0002804	1	1	2
OG0002805	1	1	2
OG0002806	1	1	2
OG0002807	1	1	2
OG0002808	1	1	2
OG0002809	1	1	2
OG0002810	1	1	2
OG0002811	1	1	2
OG0002812	1	1	2
OG0002813	1	1	2
OG0002814	1	1	2
OG0002815	1	1	2
OG0002816	1	1	2
OG0002817	1	1	2
OG0002818	1	1	2
OG0002819	1	1	2
OG0002820	1	1	2
OG0002821	1	1	2
OG0002822	1	1	2
OG0002823	1	1	2
OG0002824	1	1	2
OG0002825	1	1	2
OG0002826	1	1	2
OG0002827	1	1	2
OG0002828	1	1	2
OG0002829	1	1	2
OG0002830	1	1	2
OG0002831	1	1	2
OG0002832	1	1	2
OG0002833	1	1	2
OG0002834	1	1	2
OG0002835	1	1	2
OG0002836	1	1	2
OG0002837	1	1	2
OG0002838	1	1	2
OG0002839	1	1	2
OG0002840	1	1	2
OG0002841	1	1	2
OG0002842	1	1	2
OG0002843	1	1	2
OG0002844	1	1	2
OG0002845	1	1	2
OG0002846	1	1	2
OG0002847	1	1	2
OG0002848	1	1	2
OG0002849	1	1	2
OG0002850	1	1	2
OG0002851	1	1	2
OG0002852	1	1	2
OG0002853	1	1	2
OG0002854	1	1	2
OG0002855	1	1	2
OG0002856	1	1	2
OG0002857	1	1	2
OG0002858	1	1	2
OG0002859	1	1	2
OG0002860	1	1	2
OG0002861	1	1	2
OG0002862	1	1	2
OG0002863	1	1	2
OG0002864	1	1	2
OG0002865	1	1	2
OG0002866	1	1	2
OG0002867	1	1	2
OG0002868	1	1	2
OG0002869	1	1	2
OG0002870	1	1	2
OG0002871	1	1	2
OG0002872	1	1	2
OG0002873	1	1	2
OG0002874	1	1	2
OG0002875	1	1	2
OG0002876	1	1	2
OG0002877	1	1	2
OG0002878	1	1	2
OG0002879	1	1	2
OG0002880	1	1	2
OG0002881	1	1	2
OG0002882	1	1	2
OG0002883	1	1	2
OG0002884	1	1	2
OG0002885	1	1	2
OG0002886	1	1	2
OG0002887	1	1	2
OG0002888	1	1	2
OG0002889	1	1	2
OG0002890	1	1	2
OG0002891	1	1	2
OG0002892	1	1	2
OG0002893	1	1	2
OG0002894	1	1	2
OG0002895	1	1	2
OG0002896	1	1	2
OG0002897	1	1	2
OG0002898	1	1	2
OG0002899	1	1	2
OG0002900	1	1	2
OG0002901	1	1	2
OG0002902	1	1	2
OG0002903	1	1	2
OG0002904	1	1	2
OG0002905	1	1	2
OG0002906	1	1	2
OG0002907	1	1	2
OG0002908	1	1	2
OG0002909	1	1	2
OG0002910	1	1	2
OG0002911	1	1	2
OG0002912	1	1	2
OG0002913	1	1	2
OG0002914	1	1	2
OG0002915	1	1	2
OG0002916	1	1	2
OG0002917	1	1	2
OG0002918	1	1	2
OG0002919	1	1	2
OG0002920	1	1	2
OG0002921	1	1	2
OG0002922	1	1	2
OG0002923	1	1	2
OG0002924	1	1	2
OG0002925	1	1	2
OG0002926	1	1	2
OG0002927	1	1	2
OG0002928	1	1	2
OG0002929	1	1	2
OG0002930	1	1	2
OG0002931	1	1	2
OG0002932	1	1	2
OG0002933	1	1	2
OG0002934	1	1	2
OG0002935	1	1	2
OG0002936	1	1	2
OG0002937	1	1	2
OG0002938	1	1	2
OG0002939	1	1	2
OG0002940	1	1	2
OG0002941	1	1	2
OG0002942	1	1	2
OG0002943	1	1	2
OG0002944	1	1	2
OG0002945	1	1	2
OG0002946	1	1	2
OG0002947	1	1	2
OG0002948	1	1	2
OG0002949	1	1	2
OG0002950	1	1	2
OG0002951	1	1	2
OG0002952	1	1	2
OG0002953	1	1	2
OG0002954	1	1	2
OG0002955	1	1	2
OG0002956	1	1	2
OG0002957	1	1	2
OG0002958	1	1	2
OG0002959	1	1	2
OG0002960	1	1	2
OG0002961	1	1	2
OG0002962	1	1	2
OG0002963	1	1	2
OG0002964	1	1	2
OG0002965	1	1	2
OG0002966	1	1	2
OG0002967	1	1	2
OG0002968	1	1	2
OG0002969	1	1	2
OG0002970	1	1	2
OG0002971	1	1	2
OG0002972	1	1	2
OG0002973	1	1	2
OG0002974	1	1	2
OG0002975	1	1	2
OG0002976	1	1	2
OG0002977	1	1	2
OG0002978	1	1	2
OG0002979	1	1	2
OG0002980	1	1	2
OG0002981	1	1	2
OG0002982	1	1	2
OG0002983	1	1	2
OG0002984	1	1	2
OG0002985	1	1	2
OG0002986	1	1	2
OG0002987	1	1	2
OG0002988	1	1	2
OG0002989	1	1	2
OG0002990	1	1	2
OG0002991	1	1	2
OG0002992	1	1	2
OG0002993	1	1	2
OG0002994	1	1	2
OG0002995	1	1	2
OG0002996	1	1	2
OG0002997	1	1	2
OG0002998	1	1	2
OG0002999	1	1	2
OG0003000	1	1	2
OG0003001	1	1	2
OG0003002	1	1	2
OG0003003	1	1	2
OG0003004	1	1	2
OG0003005	1	1	2
OG0003006	1	1	2
OG0003007	1	1	2
OG0003008	1	1	2
OG0003009	1	1	2
OG0003010	1	1	2
OG0003011	1	1	2
OG0003012	1	1	2
OG0003013	1	1	2
OG0003014	1	1	2
OG0003015	1	1	2
OG0003016	1	1	2
OG0003017	1	1	2
OG0003018	1	1	2
OG0003019	1	1	2
OG0003020	1	1	2
OG0003021	1	1	2
OG0003022	1	1	2
OG0003023	1	1	2
OG0003024	1	1	2
OG0003025	1	1	2
OG0003026	1	1	2
OG0003027	1	1	2
OG0003028	1	1	2
OG0003029	1	1	2
OG0003030	1	1	2
OG0003031	1	1	2
OG0003032	1	1	2
OG0003033	1	1	2
OG0003034	1	1	2
OG0003035	1	1	2
OG0003036	1	1	2
OG0003037	1	1	2
OG0003038	1	1	2
OG0003039	1	1	2
OG0003040	1	1	2
OG0003041	1	1	2
OG0003042	1	1	2
OG0003043	1	1	2
OG0003044	1	1	2
OG0003045	1	1	2
OG0003046	1	1	2
OG0003047	1	1	2
OG0003048	1	1	2
OG0003049	1	1	2
OG0003050	1	1	2
OG0003051	1	1	2
OG0003052	1	1	2
OG0003053	1	1	2
OG0003054	1	1	2
OG0003055	1	1	2
OG0003056	1	1	2
OG0003057	1	1	2
OG0003058	1	1	2
OG0003059	1	1	2
OG0003060	1	1	2
OG0003061	1	1	2
OG0003062	1	1	2
OG0003063	1	1	2
OG0003064	1	1	2
OG0003065	1	1	2
OG0003066	1	1	2
OG0003067	1	1	2
OG0003068	1	1	2
OG0003069	1	1	2
OG0003070	1	1	2
OG0003071	1	1	2
OG0003072	1	1	2
OG0003073	1	1	2
OG0003074	1	1	2
OG0003075	1	1	2
OG0003076	1	1	2
OG0003077	1	1	2
OG0003078	1	1	2
OG0003079	1	1	2
OG0003080	1	1	2
OG0003081	1	1	2
OG0003082	1	1	2
OG0003083	1	1	2
OG0003084	1	1	2
OG0003085	1	1	2
OG0003086	1	1	2
OG0003087	1	1	2
OG0003088	1	1	2
OG0003089	1	1	2
OG0003090	1	1	2
OG0003091	1	1	2
OG0003092	1	1	2
OG0003093	1	1	2
OG0003094	1	1	2
OG0003095	1	1	2
OG0003096	1	1	2
OG0003097	1	1	2
OG0003098	1	1	2
OG0003099	1	1	2
OG0003100	1	1	2
OG0003101	1	1	2
OG0003102	1	1	2
OG0003103	1	1	2
OG0003104	1	1	2
OG0003105	1	1	2
OG0003106	1	1	2
OG0003107	1	1	2
OG0003108	1	1	2
OG0003109	1	1	2
OG0003110	1	1	2
OG0003111	1	1	2
OG0003112	1	1	2
OG0003113	1	1	2
OG0003114	1	1	2
OG0003115	1	1	2
OG0003116	1	1	2
OG0003117	1	1	2
OG0003118	1	1	2
OG0003119	1	1	2
OG0003120	1	1	2
OG0003121	1	1	2
OG0003122	1	1	2
OG0003123	1	1	2
OG0003124	1	1	2
OG0003125	1	1	2
OG0003126	1	1	2
OG0003127	1	1	2
OG0003128	1	1	2
OG0003129	1	1	2
OG0003130	1	1	2
OG0003131	1	1	2
OG0003132	1	1	2
OG0003133	1	1	2
OG0003134	1	1	2
OG0003135	1	1	2
OG0003136	1	1	2
OG0003137	1	1	2
OG0003138	1	1	2
OG0003139	1	1	2
OG0003140	1	1	2
OG0003141	1	1	2
OG0003142	1	1	2
OG0003143	1	1	2
OG0003144	1	1	2
OG0003145	1	1	2
OG0003146	1	1	2
OG0003147	1	1	2
OG0003148	1	1	2
OG0003149	1	1	2
OG0003150	1	1	2
OG0003151	1	1	2
OG0003152	1	1	2
OG0003153	1	1	2
OG0003154	1	1	2
OG0003155	1	1	2
OG0003156	1	1	2
OG0003157	1	1	2
OG0003158	1	1	2
OG0003159	1	1	2
OG0003160	1	1	2
OG0003161	1	1	2
OG0003162	1	1	2
OG0003163	1	1	2
OG0003164	1	1	2
OG0003165	1	1	2
OG0003166	1	1	2
OG0003167	1	1	2
OG0003168	1	1	2
OG0003169	1	1	2
OG0003170	1	1	2
OG0003171	1	1	2
OG0003172	1	1	2
OG0003173	1	1	2
OG0003174	1	1	2
OG0003175	1	1	2
OG0003176	1	1	2
OG0003177	1	1	2
OG0003178	1	1	2
OG0003179	1	1	2
OG0003180	1	1	2
OG0003181	1	1	2
OG0003182	1	1	2
OG0003183	1	1	2
OG0003184	1	1	2
OG0003185	1	1	2
OG0003186	1	1	2
OG0003187	1	1	2
OG0003188	1	1	2
OG0003189	1	1	2
OG0003190	1	1	2
OG0003191	1	1	2
OG0003192	1	1	2
OG0003193	1	1	2
OG0003194	1	1	2
OG0003195	1	1	2
OG0003196	1	1	2
OG0003197	1	1	2
OG0003198	1	1	2
OG0003199	1	1	2
OG0003200	1	1	2
OG0003201	1	1	2
OG0003202	1	1	2
OG0003203	1	1	2
OG0003204	1	1	2
OG0003205	1	1	2
OG0003206	1	1	2
OG0003207	1	1	2
OG0003208	1	1	2
OG0003209	1	1	2
OG0003210	1	1	2
OG0003211	1	1	2
OG0003212	1	1	2
OG0003213	1	1	2
OG0003214	1	1	2
OG0003215	1	1	2
OG0003216	1	1	2
OG0003217	1	1	2
OG0003218	1	1	2
OG0003219	1	1	2
OG0003220	1	1	2
OG0003221	1	1	2
OG0003222	1	1	2
OG0003223	1	1	2
OG0003224	1	1	2
OG0003225	1	1	2
OG0003226	1	1	2
OG0003227	1	1	2
OG0003228	1	1	2
OG0003229	1	1	2
OG0003230	1	1	2
OG0003231	1	1	2
OG0003232	1	1	2
OG0003233	1	1	2
OG0003234	1	1	2
OG0003235	1	1	2
OG0003236	1	1	2
OG0003237	1	1	2
OG0003238	1	1	2
OG0003239	1	1	2
OG0003240	1	1	2
OG0003241	1	1	2
OG0003242	1	1	2
OG0003243	1	1	2
OG0003244	1	1	2
OG0003245	1	1	2
OG0003246	1	1	2
OG0003247	1	1	2
OG0003248	1	1	2
OG0003249	1	1	2
OG0003250	1	1	2
OG0003251	1	1	2
OG0003252	1	1	2
OG0003253	1	1	2
OG0003254	1	1	2
OG0003255	1	1	2
OG0003256	1	1	2
OG0003257	1	1	2
OG0003258	1	1	2
OG0003259	1	1	2
OG0003260	1	1	2
OG0003261	1	1	2
OG0003262	1	1	2
OG0003263	1	1	2
OG0003264	1	1	2
OG0003265	1	1	2
OG0003266	1	1	2
OG0003267	1	1	2
OG0003268	1	1	2
OG0003269	1	1	2
OG0003270	1	1	2
OG0003271	1	1	2
OG0003272	1	1	2
OG0003273	1	1	2
OG0003274	1	1	2
OG0003275	1	1	2
OG0003276	1	1	2
OG0003277	1	1	2
OG0003278	1	1	2
OG0003279	1	1	2
OG0003280	1	1	2
OG0003281	1	1	2
OG0003282	1	1	2
OG0003283	1	1	2
OG0003284	1	1	2
OG0003285	1	1	2
OG0003286	1	1	2
OG0003287	1	1	2
OG0003288	1	1	2
OG0003289	1	1	2
OG0003290	1	1	2
OG0003291	1	1	2
OG0003292	1	1	2
OG0003293	1	1	2
OG0003294	1	1	2
OG0003295	1	1	2
OG0003296	1	1	2
OG0003297	1	1	2
OG0003298	1	1	2
OG0003299	1	1	2
OG0003300	1	1	2
OG0003301	1	1	2
OG0003302	1	1	2
OG0003303	1	1	2
OG0003304	1	1	2
OG0003305	1	1	2
OG0003306	1	1	2
OG0003307	1	1	2
OG0003308	1	1	2
OG0003309	1	1	2
OG0003310	1	1	2
OG0003311	1	1	2
OG0003312	1	1	2
OG0003313	1	1	2
OG0003314	1	1	2
OG0003315	1	1	2
OG0003316	1	1	2
OG0003317	1	1	2
OG0003318	1	1	2
OG0003319	1	1	2
OG0003320	1	1	2
OG0003321	1	1	2
OG0003322	1	1	2
OG0003323	1	1	2
OG0003324	1	1	2
OG0003325	1	1	2
OG0003326	1	1	2
OG0003327	1	1	2
OG0003328	1	1	2
OG0003329	1	1	2
OG0003330	1	1	2
OG0003331	1	1	2
OG0003332	1	1	2
OG0003333	1	1	2
OG0003334	1	1	2
OG0003335	1	1	2
OG0003336	1	1	2
OG0003337	1	1	2
OG0003338	1	1	2
OG0003339	1	1	2
OG0003340	1	1	2
OG0003341	1	1	2
OG0003342	1	1	2
OG0003343	1	1	2
OG0003344	1	1	2
OG0003345	1	1	2
OG0003346	1	1	2
OG0003347	1	1	2
OG0003348	1	1	2
OG0003349	1	1	2
OG0003350	1	1	2
OG0003351	1	1	2
OG0003352	1	1	2
OG0003353	1	1	2
OG0003354	1	1	2
OG0003355	1	1	2
OG0003356	1	1	2
OG0003357	1	1	2
OG0003358	1	1	2
OG0003359	1	1	2
OG0003360	1	1	2
OG0003361	1	1	2
OG0003362	1	1	2
OG0003363	1	1	2
OG0003364	1	1	2
OG0003365	1	1	2
OG0003366	1	1	2
OG0003367	1	1	2
OG0003368	1	1	2
OG0003369	1	1	2
OG0003370	1	1	2
OG0003371	1	1	2
OG0003372	1	1	2
OG0003373	1	1	2
OG0003374	1	1	2
OG0003375	1	1	2
OG0003376	1	1	2
OG0003377	1	1	2
OG0003378	1	1	2
OG0003379	1	1	2
OG0003380	1	1	2
OG0003381	1	1	2
OG0003382	1	1	2
OG0003383	1	1	2
OG0003384	1	1	2
OG0003385	1	1	2
OG0003386	1	1	2
OG0003387	1	1	2
OG0003388	1	1	2
OG0003389	1	1	2
OG0003390	1	1	2
OG0003391	1	1	2
OG0003392	1	1	2
OG0003393	1	1	2
OG0003394	1	1	2
OG0003395	1	1	2
OG0003396	1	1	2
OG0003397	1	1	2
OG0003398	1	1	2
OG0003399	1	1	2
OG0003400	1	1	2
OG0003401	1	1	2
OG0003402	1	1	2
OG0003403	1	1	2
OG0003404	1	1	2
OG0003405	1	1	2
OG0003406	1	1	2
OG0003407	1	1	2
OG0003408	1	1	2
OG0003409	1	1	2
OG0003410	1	1	2
OG0003411	1	1	2
OG0003412	1	1	2
OG0003413	1	1	2
OG0003414	1	1	2
OG0003415	1	1	2
OG0003416	1	1	2
OG0003417	1	1	2
OG0003418	1	1	2
OG0003419	1	1	2
OG0003420	1	1	2
OG0003421	1	1	2
OG0003422	1	1	2
OG0003423	1	1	2
OG0003424	1	1	2
OG0003425	1	1	2
OG0003426	1	1	2
OG0003427	1	1	2
OG0003428	1	1	2
OG0003429	1	1	2
OG0003430	1	1	2
OG0003431	1	1	2
OG0003432	1	1	2
OG0003433	1	1	2
OG0003434	1	1	2
OG0003435	1	1	2
OG0003436	1	1	2
OG0003437	1	1	2
OG0003438	1	1	2
OG0003439	1	1	2
OG0003440	1	1	2
OG0003441	1	1	2
OG0003442	1	1	2
OG0003443	1	1	2
OG0003444	1	1	2
OG0003445	1	1	2
OG0003446	1	1	2
OG0003447	1	1	2
OG0003448	1	1	2
OG0003449	1	1	2
OG0003450	1	1	2
OG0003451	1	1	2
OG0003452	1	1	2
OG0003453	1	1	2
OG0003454	1	1	2
OG0003455	1	1	2
OG0003456	1	1	2
OG0003457	1	1	2
OG0003458	1	1	2
OG0003459	1	1	2
OG0003460	1	1	2
OG0003461	1	1	2
OG0003462	1	1	2
OG0003463	1	1	2
OG0003464	1	1	2
OG0003465	1	1	2
OG0003466	1	1	2
OG0003467	1	1	2
OG0003468	1	1	2
OG0003469	1	1	2
OG0003470	1	1	2
OG0003471	1	1	2
OG0003472	1	1	2
OG0003473	1	1	2
OG0003474	1	1	2
OG0003475	1	1	2
OG0003476	1	1	2
OG0003477	1	1	2
OG0003478	1	1	2
OG0003479	1	1	2
OG0003480	1	1	2
OG0003481	1	1	2
OG0003482	1	1	2
OG0003483	1	1	2
OG0003484	1	1	2
OG0003485	1	1	2
OG0003486	1	1	2
OG0003487	1	1	2
OG0003488	1	1	2
OG0003489	1	1	2
OG0003490	1	1	2
OG0003491	1	1	2
OG0003492	1	1	2
OG0003493	1	1	2
OG0003494	1	1	2
OG0003495	1	1	2
OG0003496	1	1	2
OG0003497	1	1	2
OG0003498	1	1	2
OG0003499	1	1	2
OG0003500	1	1	2
OG0003501	1	1	2
OG0003502	1	1	2
OG0003503	1	1	2
OG0003504	1	1	2
OG0003505	1	1	2
OG0003506	1	1	2
OG0003507	1	1	2
OG0003508	1	1	2
OG0003509	1	1	2
OG0003510	1	1	2
OG0003511	1	1	2
OG0003512	1	1	2
OG0003513	1	1	2
OG0003514	1	1	2
OG0003515	1	1	2
OG0003516	1	1	2
OG0003517	1	1	2
OG0003518	1	1	2
OG0003519	1	1	2
OG0003520	1	1	2
OG0003521	1	1	2
OG0003522	1	1	2
OG0003523	1	1	2
OG0003524	1	1	2
OG0003525	1	1	2
OG0003526	1	1	2
OG0003527	1	1	2
OG0003528	1	1	2
OG0003529	1	1	2
OG0003530	1	1	2
OG0003531	1	1	2
OG0003532	1	1	2
OG0003533	1	1	2
OG0003534	1	1	2
OG0003535	1	1	2
OG0003536	1	1	2
OG0003537	1	1	2
OG0003538	1	1	2
OG0003539	1	1	2
OG0003540	1	1	2
OG0003541	1	1	2
OG0003542	1	1	2
OG0003543	1	1	2
OG0003544	1	1	2
OG0003545	1	1	2
OG0003546	1	1	2
OG0003547	1	1	2
OG0003548	1	1	2
OG0003549	1	1	2
OG0003550	1	1	2
OG0003551	1	1	2
OG0003552	1	1	2
OG0003553	1	1	2
OG0003554	1	1	2
OG0003555	1	1	2
OG0003556	1	1	2
OG0003557	1	1	2
OG0003558	1	1	2
OG0003559	1	1	2
OG0003560	1	1	2
OG0003561	1	1	2
OG0003562	1	1	2
OG0003563	1	1	2
OG0003564	1	1	2
OG0003565	1	1	2
OG0003566	1	1	2
OG0003567	1	1	2
OG0003568	1	1	2
OG0003569	1	1	2
OG0003570	1	1	2
OG0003571	1	1	2
OG0003572	1	1	2
OG0003573	1	1	2
OG0003574	1	1	2
OG0003575	1	1	2
OG0003576	1	1	2
OG0003577	1	1	2
OG0003578	1	1	2
OG0003579	1	1	2
OG0003580	1	1	2
OG0003581	1	1	2
OG0003582	1	1	2
OG0003583	1	1	2
OG0003584	1	1	2
OG0003585	1	1	2
OG0003586	1	1	2
OG0003587	1	1	2
OG0003588	1	1	2
OG0003589	1	1	2
OG0003590	1	1	2
OG0003591	1	1	2
OG0003592	1	1	2
OG0003593	1	1	2
OG0003594	1	1	2
OG0003595	1	1	2
OG0003596	1	1	2
OG0003597	1	1	2
OG0003598	1	1	2
OG0003599	1	1	2
OG0003600	1	1	2
OG0003601	1	1	2
OG0003602	1	1	2
OG0003603	1	1	2
OG0003604	1	1	2
OG0003605	1	1	2
OG0003606	1	1	2
OG0003607	1	1	2
OG0003608	1	1	2
OG0003609	1	1	2
OG0003610	1	1	2
OG0003611	1	1	2
OG0003612	1	1	2
OG0003613	1	1	2
OG0003614	1	1	2
OG0003615	1	1	2
OG0003616	1	1	2
OG0003617	1	1	2
OG0003618	1	1	2
OG0003619	1	1	2
OG0003620	1	1	2
OG0003621	1	1	2
OG0003622	1	1	2
OG0003623	1	1	2
OG0003624	1	1	2
OG0003625	1	1	2
OG0003626	1	1	2
OG0003627	1	1	2
OG0003628	1	1	2
OG0003629	1	1	2
OG0003630	1	1	2
OG0003631	1	1	2
OG0003632	1	1	2
OG0003633	1	1	2
OG0003634	1	1	2
OG0003635	1	1	2
OG0003636	1	1	2
OG0003637	1	1	2
OG0003638	1	1	2
OG0003639	1	1	2
OG0003640	1	1	2
OG0003641	1	1	2
OG0003642	1	1	2
OG0003643	1	1	2
OG0003644	1	1	2
OG0003645	1	1	2
OG0003646	1	1	2
OG0003647	1	1	2
OG0003648	1	1	2
OG0003649	1	1	2
OG0003650	1	1	2
OG0003651	1	1	2
OG0003652	1	1	2
OG0003653	1	1	2
OG0003654	1	1	2
OG0003655	1	1	2
OG0003656	1	1	2
OG0003657	1	1	2
OG0003658	1	1	2
OG0003659	1	1	2
OG0003660	1	1	2
OG0003661	1	1	2
OG0003662	1	1	2
OG0003663	1	1	2
OG0003664	1	1	2
OG0003665	1	1	2
OG0003666	1	1	2
OG0003667	1	1	2
OG0003668	1	1	2
OG0003669	1	1	2
OG0003670	1	1	2
OG0003671	1	1	2
OG0003672	1	1	2
OG0003673	1	1	2
OG0003674	1	1	2
OG0003675	1	1	2
OG0003676	1	1	2
OG0003677	1	1	2
OG0003678	1	1	2
OG0003679	1	1	2
OG0003680	1	1	2
OG0003681	1	1	2
OG0003682	1	1	2
OG0003683	1	1	2
OG0003684	1	1	2
OG0003685	1	1	2
OG0003686	1	1	2
OG0003687	1	1	2
OG0003688	1	1	2
OG0003689	1	1	2
OG0003690	1	1	2
OG0003691	1	1	2
OG0003692	1	1	2
OG0003693	1	1	2
OG0003694	1	1	2
OG0003695	1	1	2
OG0003696	1	1	2
OG0003697	1	1	2
OG0003698	1	1	2
OG0003699	1	1	2
OG0003700	1	1	2
OG0003701	1	1	2
OG0003702	1	1	2
OG0003703	1	1	2
OG0003704	1	1	2
OG0003705	1	1	2
OG0003706	1	1	2
OG0003707	1	1	2
OG0003708	1	1	2
OG0003709	1	1	2
OG0003710	1	1	2
OG0003711	1	1	2
OG0003712	1	1	2
OG0003713	1	1	2
OG0003714	1	1	2
OG0003715	1	1	2
OG0003716	1	1	2
OG0003717	1	1	2
OG0003718	1	1	2
OG0003719	1	1	2
OG0003720	1	1	2
OG0003721	1	1	2
OG0003722	1	1	2
OG0003723	1	1	2
OG0003724	1	1	2
OG0003725	1	1	2
OG0003726	1	1	2
OG0003727	1	1	2
OG0003728	1	1	2
OG0003729	1	1	2
OG0003730	1	1	2
OG0003731	1	1	2
OG0003732	1	1	2
OG0003733	1	1	2
OG0003734	1	1	2
OG0003735	1	1	2
OG0003736	1	1	2
OG0003737	1	1	2
OG0003738	1	1	2
OG0003739	1	1	2
OG0003740	1	1	2
OG0003741	1	1	2
OG0003742	1	1	2
OG0003743	1	1	2
OG0003744	1	1	2
OG0003745	1	1	2
OG0003746	1	1	2
OG0003747	1	1	2
OG0003748	1	1	2
OG0003749	1	1	2
OG0003750	1	1	2
OG0003751	1	1	2
OG0003752	1	1	2
OG0003753	1	1	2
OG0003754	1	1	2
OG0003755	1	1	2
OG0003756	1	1	2
OG0003757	1	1	2
OG0003758	1	1	2
OG0003759	1	1	2
OG0003760	1	1	2
OG0003761	1	1	2
OG0003762	1	1	2
OG0003763	1	1	2
OG0003764	1	1	2
OG0003765	1	1	2
OG0003766	1	1	2
OG0003767	1	1	2
OG0003768	1	1	2
OG0003769	1	1	2
OG0003770	1	1	2
OG0003771	1	1	2
OG0003772	1	1	2
OG0003773	1	1	2
OG0003774	1	1	2
OG0003775	1	1	2
OG0003776	1	1	2
OG0003777	1	1	2
OG0003778	1	1	2
OG0003779	1	1	2
OG0003780	1	1	2
OG0003781	1	1	2
OG0003782	1	1	2
OG0003783	1	1	2
OG0003784	1	1	2
OG0003785	1	1	2
OG0003786	1	1	2
OG0003787	1	1	2
OG0003788	1	1	2
OG0003789	1	1	2
OG0003790	1	1	2
OG0003791	1	1	2
OG0003792	1	1	2
OG0003793	1	1	2
OG0003794	1	1	2
OG0003795	1	1	2
OG0003796	1	1	2
OG0003797	1	1	2
OG0003798	1	1	2
OG0003799	1	1	2
OG0003800	1	1	2
OG0003801	1	1	2
OG0003802	1	1	2
OG0003803	1	1	2
OG0003804	1	1	2
OG0003805	1	1	2
OG0003806	1	1	2
OG0003807	1	1	2
OG0003808	1	1	2
OG0003809	1	1	2
OG0003810	1	1	2
OG0003811	1	1	2
OG0003812	1	1	2
OG0003813	1	1	2
OG0003814	1	1	2
OG0003815	1	1	2
OG0003816	1	1	2
OG0003817	1	1	2
OG0003818	1	1	2
OG0003819	1	1	2
OG0003820	1	1	2
OG0003821	1	1	2
OG0003822	1	1	2
OG0003823	1	1	2
OG0003824	1	1	2
OG0003825	1	1	2
OG0003826	1	1	2
OG0003827	1	1	2
OG0003828	1	1	2
OG0003829	1	1	2
OG0003830	1	1	2
OG0003831	1	1	2
OG0003832	1	1	2
OG0003833	1	1	2
OG0003834	1	1	2
OG0003835	1	1	2
OG0003836	1	1	2
OG0003837	1	1	2
OG0003838	1	1	2
OG0003839	1	1	2
OG0003840	1	1	2
OG0003841	1	1	2
OG0003842	1	1	2
OG0003843	1	1	2
OG0003844	1	1	2
OG0003845	1	1	2
OG0003846	1	1	2
OG0003847	1	1	2
OG0003848	1	1	2
OG0003849	1	1	2
OG0003850	1	1	2
OG0003851	1	1	2
OG0003852	1	1	2
OG0003853	1	1	2
OG0003854	1	1	2
OG0003855	1	1	2
OG0003856	1	1	2
OG0003857	1	1	2
OG0003858	1	1	2
OG0003859	1	1	2
OG0003860	1	1	2
OG0003861	1	1	2
OG0003862	1	1	2
OG0003863	1	1	2
OG0003864	1	1	2
OG0003865	1	1	2
OG0003866	1	1	2
OG0003867	1	1	2
OG0003868	1	1	2
OG0003869	1	1	2
OG0003870	1	1	2
OG0003871	1	1	2
OG0003872	1	1	2
OG0003873	1	1	2
OG0003874	1	1	2
OG0003875	1	1	2
OG0003876	1	1	2
OG0003877	1	1	2
OG0003878	1	1	2
OG0003879	1	1	2
OG0003880	1	1	2
OG0003881	1	1	2
OG0003882	1	1	2
OG0003883	1	1	2
OG0003884	1	1	2
OG0003885	1	1	2
OG0003886	1	1	2
OG0003887	1	1	2
OG0003888	1	1	2
OG0003889	1	1	2
OG0003890	1	1	2
OG0003891	1	1	2
OG0003892	1	1	2
OG0003893	1	1	2
OG0003894	1	1	2
OG0003895	1	1	2
OG0003896	1	1	2
OG0003897	1	1	2
OG0003898	1	1	2
OG0003899	1	1	2
OG0003900	1	1	2
OG0003901	1	1	2
OG0003902	1	1	2
OG0003903	1	1	2
OG0003904	1	1	2
OG0003905	1	1	2
OG0003906	1	1	2
OG0003907	1	1	2
OG0003908	1	1	2
OG0003909	1	1	2
OG0003910	1	1	2
OG0003911	1	1	2
OG0003912	1	1	2
OG0003913	1	1	2
OG0003914	1	1	2
OG0003915	1	1	2
OG0003916	1	1	2
OG0003917	1	1	2
OG0003918	1	1	2
OG0003919	1	1	2
OG0003920	1	1	2
OG0003921	1	1	2
OG0003922	1	1	2
OG0003923	1	1	2
OG0003924	1	1	2
OG0003925	1	1	2
OG0003926	1	1	2
OG0003927	1	1	2
OG0003928	1	1	2
OG0003929	1	1	2
OG0003930	1	1	2
OG0003931	1	1	2
OG0003932	1	1	2
OG0003933	1	1	2
OG0003934	1	1	2
OG0003935	1	1	2
OG0003936	1	1	2
OG0003937	1	1	2
OG0003938	1	1	2
OG0003939	1	1	2
OG0003940	1	1	2
OG0003941	1	1	2
OG0003942	1	1	2
OG0003943	1	1	2
OG0003944	1	1	2
OG0003945	1	1	2
OG0003946	1	1	2
OG0003947	1	1	2
OG0003948	1	1	2
OG0003949	1	1	2
OG0003950	1	1	2
OG0003951	1	1	2
OG0003952	1	1	2
OG0003953	1	1	2
OG0003954	1	1	2
OG0003955	1	1	2
OG0003956	1	1	2
OG0003957	1	1	2
OG0003958	1	1	2
OG0003959	1	1	2
OG0003960	1	1	2
OG0003961	1	1	2
OG0003962	1	1	2
OG0003963	1	1	2
OG0003964	1	1	2
OG0003965	1	1	2
OG0003966	1	1	2
OG0003967	1	1	2
OG0003968	1	1	2
OG0003969	1	1	2
OG0003970	1	1	2
OG0003971	1	1	2
OG0003972	1	1	2
OG0003973	1	1	2
OG0003974	1	1	2
OG0003975	1	1	2
OG0003976	1	1	2
OG0003977	1	1	2
OG0003978	1	1	2
OG0003979	1	1	2
OG0003980	1	1	2
OG0003981	1	1	2
OG0003982	1	1	2
OG0003983	1	1	2
OG0003984	1	1	2
OG0003985	1	1	2
OG0003986	1	1	2
OG0003987	1	1	2
OG0003988	1	1	2
OG0003989	1	1	2
OG0003990	1	1	2
OG0003991	1	1	2
OG0003992	1	1	2
OG0003993	1	1	2
OG0003994	1	1	2
OG0003995	1	1	2
OG0003996	1	1	2
OG0003997	1	1	2
OG0003998	1	1	2
OG0003999	1	1	2
OG0004000	1	1	2
OG0004001	1	1	2
OG0004002	1	1	2
OG0004003	1	1	2
OG0004004	1	1	2
OG0004005	1	1	2
OG0004006	1	1	2
OG0004007	1	1	2
OG0004008	1	1	2
OG0004009	1	1	2
OG0004010	1	1	2
OG0004011	1	1	2
OG0004012	1	1	2
OG0004013	1	1	2
OG0004014	1	1	2
OG0004015	1	1	2
OG0004016	1	1	2
OG0004017	1	1	2
OG0004018	1	1	2
OG0004019	1	1	2
OG0004020	1	1	2
OG0004021	1	1	2
OG0004022	1	1	2
OG0004023	1	1	2
OG0004024	1	1	2
OG0004025	1	1	2
OG0004026	1	1	2
OG0004027	1	1	2
OG0004028	1	1	2
OG0004029	1	1	2
OG0004030	1	1	2
OG0004031	1	1	2
OG0004032	1	1	2
OG0004033	1	1	2
OG0004034	1	1	2
OG0004035	1	1	2
OG0004036	1	1	2
OG0004037	1	1	2
OG0004038	1	1	2
OG0004039	1	1	2
OG0004040	1	1	2
OG0004041	1	1	2
OG0004042	1	1	2
OG0004043	1	1	2
OG0004044	1	1	2
OG0004045	1	1	2
OG0004046	1	1	2
OG0004047	1	1	2
OG0004048	1	1	2
OG0004049	1	1	2
OG0004050	1	1	2
OG0004051	1	1	2
OG0004052	1	1	2
OG0004053	1	1	2
OG0004054	1	1	2
OG0004055	1	1	2
OG0004056	1	1	2
OG0004057	1	1	2
OG0004058	1	1	2
OG0004059	1	1	2
OG0004060	1	1	2
OG0004061	1	1	2
OG0004062	1	1	2
OG0004063	1	1	2
OG0004064	1	1	2
OG0004065	1	1	2
OG0004066	1	1	2
OG0004067	1	1	2
OG0004068	1	1	2
OG0004069	1	1	2
OG0004070	1	1	2
OG0004071	1	1	2
OG0004072	1	1	2
OG0004073	1	1	2
OG0004074	1	1	2
OG0004075	1	1	2
OG0004076	1	1	2
OG0004077	1	1	2
OG0004078	1	1	2
OG0004079	1	1	2
OG0004080	1	1	2
OG0004081	1	1	2
OG0004082	1	1	2
OG0004083	1	1	2
OG0004084	1	1	2
OG0004085	1	1	2
OG0004086	1	1	2
OG0004087	1	1	2
OG0004088	1	1	2
OG0004089	1	1	2
OG0004090	1	1	2
OG0004091	1	1	2
OG0004092	1	1	2
OG0004093	1	1	2
OG0004094	1	1	2
OG0004095	1	1	2
OG0004096	1	1	2
OG0004097	1	1	2
OG0004098	1	1	2
OG0004099	1	1	2
OG0004100	1	1	2
OG0004101	1	1	2
OG0004102	1	1	2
OG0004103	1	1	2
OG0004104	1	1	2
OG0004105	1	1	2
OG0004106	1	1	2
OG0004107	1	1	2
OG0004108	1	1	2
OG0004109	1	1	2
OG0004110	1	1	2
OG0004111	1	1	2
OG0004112	1	1	2
OG0004113	1	1	2
OG0004114	1	1	2
OG0004115	1	1	2
OG0004116	1	1	2
OG0004117	1	1	2
OG0004118	1	1	2
OG0004119	1	1	2
OG0004120	1	1	2
OG0004121	1	1	2
OG0004122	1	1	2
OG0004123	1	1	2
OG0004124	1	1	2
OG0004125	1	1	2
OG0004126	1	1	2
OG0004127	1	1	2
OG0004128	1	1	2
OG0004129	1	1	2
OG0004130	1	1	2
OG0004131	1	1	2
OG0004132	1	1	2
OG0004133	1	1	2
OG0004134	1	1	2
OG0004135	1	1	2
OG0004136	1	1	2
OG0004137	1	1	2
OG0004138	1	1	2
OG0004139	1	1	2
OG0004140	1	1	2
OG0004141	1	1	2
OG0004142	1	1	2
OG0004143	1	1	2
OG0004144	1	1	2
OG0004145	1	1	2
OG0004146	1	1	2
OG0004147	1	1	2
OG0004148	1	1	2
OG0004149	1	1	2
OG0004150	1	1	2
OG0004151	1	1	2
OG0004152	1	1	2
OG0004153	1	1	2
OG0004154	1	1	2
OG0004155	1	1	2
OG0004156	1	1	2
OG0004157	1	1	2
OG0004158	1	1	2
OG0004159	1	1	2
OG0004160	1	1	2
OG0004161	1	1	2
OG0004162	1	1	2
OG0004163	1	1	2
OG0004164	1	1	2
OG0004165	1	1	2
OG0004166	1	1	2
OG0004167	1	1	2
OG0004168	1	1	2
OG0004169	1	1	2
OG0004170	1	1	2
OG0004171	1	1	2
OG0004172	1	1	2
OG0004173	1	1	2
OG0004174	1	1	2
OG0004175	1	1	2
OG0004176	1	1	2
OG0004177	1	1	2
OG0004178	1	1	2
OG0004179	1	1	2
OG0004180	1	1	2
OG0004181	1	1	2
OG0004182	1	1	2
OG0004183	1	1	2
OG0004184	1	1	2
OG0004185	1	1	2
OG0004186	1	1	2
OG0004187	1	1	2
OG0004188	1	1	2
OG0004189	1	1	2
OG0004190	1	1	2
OG0004191	1	1	2
OG0004192	1	1	2
OG0004193	1	1	2
OG0004194	1	1	2
OG0004195	1	1	2
OG0004196	1	1	2
OG0004197	1	1	2
OG0004198	1	1	2
OG0004199	1	1	2
OG0004200	1	1	2
OG0004201	1	1	2
OG0004202	1	1	2
OG0004203	1	1	2
OG0004204	1	1	2
OG0004205	1	1	2
OG0004206	1	1	2
OG0004207	1	1	2
OG0004208	1	1	2
OG0004209	1	1	2
OG0004210	1	1	2
OG0004211	1	1	2
OG0004212	1	1	2
OG0004213	1	1	2
OG0004214	1	1	2
OG0004215	1	1	2
OG0004216	1	1	2
OG0004217	1	1	2
OG0004218	1	1	2
OG0004219	1	1	2
OG0004220	1	1	2
OG0004221	1	1	2
OG0004222	1	1	2
OG0004223	1	1	2
OG0004224	1	1	2
OG0004225	1	1	2
OG0004226	1	1	2
OG0004227	1	1	2
OG0004228	1	1	2
OG0004229	1	1	2
OG0004230	1	1	2
OG0004231	1	1	2
OG0004232	1	1	2
OG0004233	1	1	2
OG0004234	1	1	2
OG0004235	1	1	2
OG0004236	1	1	2
OG0004237	1	1	2
OG0004238	1	1	2
OG0004239	1	1	2
OG0004240	1	1	2
OG0004241	1	1	2
OG0004242	1	1	2
OG0004243	1	1	2
OG0004244	1	1	2
OG0004245	1	1	2
OG0004246	1	1	2
OG0004247	1	1	2
OG0004248	1	1	2
OG0004249	1	1	2
OG0004250	1	1	2
OG0004251	1	1	2
OG0004252	1	1	2
OG0004253	1	1	2
OG0004254	1	1	2
OG0004255	1	1	2
OG0004256	1	1	2
OG0004257	1	1	2
OG0004258	1	1	2
OG0004259	1	1	2
OG0004260	1	1	2
OG0004261	1	1	2
OG0004262	1	1	2
OG0004263	1	1	2
OG0004264	1	1	2
OG0004265	1	1	2
OG0004266	1	1	2
OG0004267	1	1	2
OG0004268	1	1	2
OG0004269	1	1	2
OG0004270	1	1	2
OG0004271	1	1	2
OG0004272	1	1	2
OG0004273	1	1	2
OG0004274	1	1	2
OG0004275	1	1	2
OG0004276	1	1	2
OG0004277	1	1	2
OG0004278	1	1	2
OG0004279	1	1	2
OG0004280	1	1	2
OG0004281	1	1	2
OG0004282	1	1	2
OG0004283	1	1	2
OG0004284	1	1	2
OG0004285	1	1	2
OG0004286	1	1	2
OG0004287	1	1	2
OG0004288	1	1	2
OG0004289	1	1	2
OG0004290	1	1	2
OG0004291	1	1	2
OG0004292	1	1	2
OG0004293	1	1	2
OG0004294	1	1	2
OG0004295	1	1	2
OG0004296	1	1	2
OG0004297	1	1	2
OG0004298	1	1	2
OG0004299	1	1	2
OG0004300	1	1	2
OG0004301	1	1	2
OG0004302	1	1	2
OG0004303	1	1	2
OG0004304	1	1	2
OG0004305	1	1	2
OG0004306	1	1	2
OG0004307	1	1	2
OG0004308	1	1	2
OG0004309	1	1	2
OG0004310	1	1	2
OG0004311	1	1	2
OG0004312	1	1	2
OG0004313	1	1	2
OG0004314	1	1	2
OG0004315	1	1	2
OG0004316	1	1	2
OG0004317	1	1	2
OG0004318	1	1	2
OG0004319	1	1	2
OG0004320	1	1	2
OG0004321	1	1	2
OG0004322	1	1	2
OG0004323	1	1	2
OG0004324	1	1	2
OG0004325	1	1	2
OG0004326	1	1	2
OG0004327	1	1	2
OG0004328	1	1	2
OG0004329	1	1	2
OG0004330	1	1	2
OG0004331	1	1	2
OG0004332	1	1	2
OG0004333	1	1	2
OG0004334	1	1	2
OG0004335	1	1	2
OG0004336	1	1	2
OG0004337	1	1	2
OG0004338	1	1	2
OG0004339	1	1	2
OG0004340	1	1	2
OG0004341	1	1	2
OG0004342	1	1	2
OG0004343	1	1	2
OG0004344	1	1	2
OG0004345	1	1	2
OG0004346	1	1	2
OG0004347	1	1	2
OG0004348	1	1	2
OG0004349	1	1	2
OG0004350	1	1	2
OG0004351	1	1	2
OG0004352	1	1	2
OG0004353	1	1	2
OG0004354	1	1	2
OG0004355	1	1	2
OG0004356	1	1	2
OG0004357	1	1	2
OG0004358	1	1	2
OG0004359	1	1	2
OG0004360	1	1	2
OG0004361	1	1	2
OG0004362	1	1	2
OG0004363	1	1	2
OG0004364	1	1	2
OG0004365	1	1	2
OG0004366	1	1	2
OG0004367	1	1	2
OG0004368	1	1	2
OG0004369	1	1	2
OG0004370	1	1	2
OG0004371	1	1	2
OG0004372	1	1	2
OG0004373	1	1	2
OG0004374	1	1	2
OG0004375	1	1	2
OG0004376	1	1	2
OG0004377	1	1	2
OG0004378	1	1	2
OG0004379	1	1	2
OG0004380	1	1	2
OG0004381	1	1	2
OG0004382	1	1	2
OG0004383	1	1	2
OG0004384	1	1	2
OG0004385	1	1	2
OG0004386	1	1	2
OG0004387	1	1	2
OG0004388	1	1	2
OG0004389	1	1	2
OG0004390	1	1	2
OG0004391	1	1	2
OG0004392	1	1	2
OG0004393	1	1	2
OG0004394	1	1	2
OG0004395	1	1	2
OG0004396	1	1	2
OG0004397	1	1	2
OG0004398	1	1	2
OG0004399	1	1	2
OG0004400	1	1	2
OG0004401	1	1	2
OG0004402	1	1	2
OG0004403	1	1	2
OG0004404	1	1	2
OG0004405	1	1	2
OG0004406	1	1	2
OG0004407	1	1	2
OG0004408	1	1	2
OG0004409	1	1	2
OG0004410	1	1	2
OG0004411	1	1	2
OG0004412	1	1	2
OG0004413	1	1	2
OG0004414	1	1	2
OG0004415	1	1	2
OG0004416	1	1	2
OG0004417	1	1	2
OG0004418	1	1	2
OG0004419	1	1	2
OG0004420	1	1	2
OG0004421	1	1	2
OG0004422	1	1	2
OG0004423	1	1	2
OG0004424	1	1	2
OG0004425	1	1	2
OG0004426	1	1	2
OG0004427	1	1	2
OG0004428	1	1	2
OG0004429	1	1	2
OG0004430	1	1	2
OG0004431	1	1	2
OG0004432	1	1	2
OG0004433	1	1	2
OG0004434	1	1	2
OG0004435	1	1	2
OG0004436	1	1	2
OG0004437	1	1	2
OG0004438	1	1	2
OG0004439	1	1	2
OG0004440	1	1	2
OG0004441	1	1	2
OG0004442	1	1	2
OG0004443	1	1	2
OG0004444	1	1	2
OG0004445	1	1	2
OG0004446	1	1	2
OG0004447	1	1	2
OG0004448	1	1	2
OG0004449	1	1	2
OG0004450	1	1	2
OG0004451	1	1	2
OG0004452	1	1	2
OG0004453	1	1	2
OG0004454	1	1	2
OG0004455	1	1	2
OG0004456	1	1	2
OG0004457	1	1	2
OG0004458	1	1	2
OG0004459	1	1	2
OG0004460	1	1	2
OG0004461	1	1	2
OG0004462	1	1	2
OG0004463	1	1	2
OG0004464	1	1	2
OG0004465	1	1	2
OG0004466	1	1	2
OG0004467	1	1	2
OG0004468	1	1	2
OG0004469	1	1	2
OG0004470	1	1	2
OG0004471	1	1	2
OG0004472	1	1	2
OG0004473	1	1	2
OG0004474	1	1	2
OG0004475	1	1	2
OG0004476	1	1	2
OG0004477	1	1	2
OG0004478	1	1	2
OG0004479	1	1	2
OG0004480	1	1	2
OG0004481	1	1	2
OG0004482	1	1	2
OG0004483	1	1	2
OG0004484	1	1	2
OG0004485	1	1	2
OG0004486	1	1	2
OG0004487	1	1	2
OG0004488	1	1	2
OG0004489	1	1	2
OG0004490	1	1	2
OG0004491	1	1	2
OG0004492	1	1	2
OG0004493	1	1	2
OG0004494	1	1	2
OG0004495	1	1	2
OG0004496	1	1	2
OG0004497	1	1	2
OG0004498	1	1	2
OG0004499	1	1	2
OG0004500	1	1	2
OG0004501	1	1	2
OG0004502	1	1	2
OG0004503	1	1	2
OG0004504	1	1	2
OG0004505	1	1	2
OG0004506	1	1	2
OG0004507	1	1	2
OG0004508	1	1	2
OG0004509	1	1	2
OG0004510	1	1	2
OG0004511	1	1	2
OG0004512	1	1	2
OG0004513	1	1	2
OG0004514	1	1	2
OG0004515	1	1	2
OG0004516	1	1	2
OG0004517	1	1	2
OG0004518	1	1	2
OG0004519	1	1	2
OG0004520	1	1	2
OG0004521	1	1	2
OG0004522	1	1	2
OG0004523	1	1	2
OG0004524	1	1	2
OG0004525	1	1	2
OG0004526	1	1	2
OG0004527	1	1	2
OG0004528	1	1	2
OG0004529	1	1	2
OG0004530	1	1	2
OG0004531	1	1	2
OG0004532	1	1	2
OG0004533	1	1	2
OG0004534	1	1	2
OG0004535	1	1	2
OG0004536	1	1	2
OG0004537	1	1	2
OG0004538	1	1	2
OG0004539	1	1	2
OG0004540	1	1	2
OG0004541	1	1	2
OG0004542	1	1	2
OG0004543	1	1	2
OG0004544	1	1	2
OG0004545	1	1	2
OG0004546	1	1	2
OG0004547	1	1	2
OG0004548	1	1	2
OG0004549	1	1	2
OG0004550	1	1	2
OG0004551	1	1	2
OG0004552	1	1	2
OG0004553	1	1	2
OG0004554	1	1	2
OG0004555	1	1	2
OG0004556	1	1	2
OG0004557	1	1	2
OG0004558	1	1	2
OG0004559	1	1	2
OG0004560	1	1	2
OG0004561	1	1	2
OG0004562	1	1	2
OG0004563	1	1	2
OG0004564	1	1	2
OG0004565	1	1	2
OG0004566	1	1	2
OG0004567	1	1	2
OG0004568	1	1	2
OG0004569	1	1	2
OG0004570	1	1	2
OG0004571	1	1	2
OG0004572	1	1	2
OG0004573	1	1	2
OG0004574	1	1	2
OG0004575	1	1	2
OG0004576	1	1	2
OG0004577	1	1	2
OG0004578	1	1	2
OG0004579	1	1	2
OG0004580	1	1	2
OG0004581	1	1	2
OG0004582	1	1	2
OG0004583	1	1	2
OG0004584	1	1	2
OG0004585	1	1	2
OG0004586	1	1	2
OG0004587	1	1	2
OG0004588	1	1	2
OG0004589	1	1	2
OG0004590	1	1	2
OG0004591	1	1	2
OG0004592	1	1	2
OG0004593	1	1	2
OG0004594	1	1	2
OG0004595	1	1	2
OG0004596	1	1	2
OG0004597	1	1	2
OG0004598	1	1	2
OG0004599	1	1	2
OG0004600	1	1	2
OG0004601	1	1	2
OG0004602	1	1	2
OG0004603	1	1	2
OG0004604	1	1	2
OG0004605	1	1	2
OG0004606	1	1	2
OG0004607	1	1	2
OG0004608	1	1	2
OG0004609	1	1	2
OG0004610	1	1	2
OG0004611	1	1	2
OG0004612	1	1	2
OG0004613	1	1	2
OG0004614	1	1	2
OG0004615	1	1	2
OG0004616	1	1	2
OG0004617	1	1	2
OG0004618	1	1	2
OG0004619	1	1	2
OG0004620	1	1	2
OG0004621	1	1	2
OG0004622	1	1	2
OG0004623	1	1	2
OG0004624	1	1	2
OG0004625	1	1	2
OG0004626	1	1	2
OG0004627	1	1	2
OG0004628	1	1	2
OG0004629	1	1	2
OG0004630	1	1	2
OG0004631	1	1	2
OG0004632	1	1	2
OG0004633	1	1	2
OG0004634	1	1	2
OG0004635	1	1	2
OG0004636	1	1	2
OG0004637	1	1	2
OG0004638	1	1	2
OG0004639	1	1	2
OG0004640	1	1	2
OG0004641	1	1	2
OG0004642	1	1	2
OG0004643	1	1	2
OG0004644	1	1	2
OG0004645	1	1	2
OG0004646	1	1	2
OG0004647	1	1	2
OG0004648	1	1	2
OG0004649	1	1	2
OG0004650	1	1	2
OG0004651	1	1	2
OG0004652	1	1	2
OG0004653	1	1	2
OG0004654	1	1	2
OG0004655	1	1	2
OG0004656	1	1	2
OG0004657	1	1	2
OG0004658	1	1	2
OG0004659	1	1	2
OG0004660	1	1	2
OG0004661	1	1	2
OG0004662	1	1	2
OG0004663	1	1	2
OG0004664	1	1	2
OG0004665	1	1	2
OG0004666	1	1	2
OG0004667	1	1	2
OG0004668	1	1	2
OG0004669	1	1	2
OG0004670	1	1	2
OG0004671	1	1	2
OG0004672	1	1	2
OG0004673	1	1	2
OG0004674	1	1	2
OG0004675	1	1	2
OG0004676	1	1	2
OG0004677	1	1	2
OG0004678	1	1	2
OG0004679	1	1	2
OG0004680	1	1	2
OG0004681	1	1	2
OG0004682	1	1	2
OG0004683	1	1	2
OG0004684	1	1	2
OG0004685	1	1	2
OG0004686	1	1	2
OG0004687	1	1	2
OG0004688	1	1	2
OG0004689	1	1	2
OG0004690	1	1	2
OG0004691	1	1	2
OG0004692	1	1	2
OG0004693	1	1	2
OG0004694	1	1	2
OG0004695	1	1	2
OG0004696	1	1	2
OG0004697	1	1	2
OG0004698	1	1	2
OG0004699	1	1	2
OG0004700	1	1	2
OG0004701	1	1	2
OG0004702	1	1	2
OG0004703	1	1	2
OG0004704	1	1	2
OG0004705	1	1	2
OG0004706	1	1	2
OG0004707	1	1	2
OG0004708	1	1	2
OG0004709	1	1	2
OG0004710	1	1	2
OG0004711	1	1	2
OG0004712	1	1	2
OG0004713	1	1	2
OG0004714	1	1	2
OG0004715	1	1	2
OG0004716	1	1	2
OG0004717	1	1	2
OG0004718	1	1	2
OG0004719	1	1	2
OG0004720	1	1	2
OG0004721	1	1	2
OG0004722	1	1	2
OG0004723	1	1	2
OG0004724	1	1	2
OG0004725	1	1	2
OG0004726	1	1	2
OG0004727	1	1	2
OG0004728	1	1	2
OG0004729	1	1	2
OG0004730	1	1	2
OG0004731	1	1	2
OG0004732	1	1	2
OG0004733	1	1	2
OG0004734	1	1	2
OG0004735	1	1	2
OG0004736	1	1	2
OG0004737	1	1	2
OG0004738	1	1	2
OG0004739	1	1	2
OG0004740	1	1	2
OG0004741	1	1	2
OG0004742	1	1	2
OG0004743	1	1	2
OG0004744	1	1	2
OG0004745	1	1	2
OG0004746	1	1	2
OG0004747	1	1	2
OG0004748	1	1	2
OG0004749	1	1	2
OG0004750	1	1	2
OG0004751	1	1	2
OG0004752	1	1	2
OG0004753	1	1	2
OG0004754	1	1	2
OG0004755	1	1	2
OG0004756	1	1	2
OG0004757	1	1	2
OG0004758	1	1	2
OG0004759	1	1	2
OG0004760	1	1	2
OG0004761	1	1	2
OG0004762	1	1	2
OG0004763	1	1	2
OG0004764	1	1	2
OG0004765	1	1	2
OG0004766	1	1	2
OG0004767	1	1	2
OG0004768	1	1	2
OG0004769	1	1	2
OG0004770	1	1	2
OG0004771	1	1	2
OG0004772	1	1	2
OG0004773	1	1	2
OG0004774	1	1	2
OG0004775	1	1	2
OG0004776	1	1	2
OG0004777	1	1	2
OG0004778	1	1	2
OG0004779	1	1	2
OG0004780	1	1	2
OG0004781	1	1	2
OG0004782	1	1	2
OG0004783	1	1	2
OG0004784	1	1	2
OG0004785	1	1	2
OG0004786	1	1	2
OG0004787	1	1	2
OG0004788	1	1	2
OG0004789	1	1	2
OG0004790	1	1	2
OG0004791	1	1	2
OG0004792	1	1	2
OG0004793	1	1	2
OG0004794	1	1	2
OG0004795	1	1	2
OG0004796	1	1	2
OG0004797	1	1	2
OG0004798	1	1	2
OG0004799	1	1	2
OG0004800	1	1	2
OG0004801	1	1	2
OG0004802	1	1	2
OG0004803	1	1	2
OG0004804	1	1	2
OG0004805	1	1	2
OG0004806	1	1	2
OG0004807	1	1	2
OG0004808	1	1	2
OG0004809	1	1	2
OG0004810	1	1	2
OG0004811	1	1	2
OG0004812	1	1	2
OG0004813	1	1	2
OG0004814	1	1	2
OG0004815	1	1	2
OG0004816	1	1	2
OG0004817	1	1	2
OG0004818	1	1	2
OG0004819	1	1	2
OG0004820	1	1	2
OG0004821	1	1	2
OG0004822	1	1	2
OG0004823	1	1	2
OG0004824	1	1	2
OG0004825	1	1	2
OG0004826	1	1	2
OG0004827	1	1	2
OG0004828	1	1	2
OG0004829	1	1	2
OG0004830	1	1	2
OG0004831	1	1	2
OG0004832	1	1	2
OG0004833	1	1	2
OG0004834	1	1	2
OG0004835	1	1	2
OG0004836	1	1	2
OG0004837	1	1	2
OG0004838	1	1	2
OG0004839	1	1	2
OG0004840	1	1	2
OG0004841	1	1	2
OG0004842	1	1	2
OG0004843	1	1	2
OG0004844	1	1	2
OG0004845	1	1	2
OG0004846	1	1	2
OG0004847	1	1	2
OG0004848	1	1	2
OG0004849	1	1	2
OG0004850	1	1	2
OG0004851	1	1	2
OG0004852	1	1	2
OG0004853	1	1	2
OG0004854	1	1	2
OG0004855	1	1	2
OG0004856	1	1	2
OG0004857	1	1	2
OG0004858	1	1	2
OG0004859	1	1	2
OG0004860	1	1	2
OG0004861	1	1	2
OG0004862	1	1	2
OG0004863	1	1	2
OG0004864	1	1	2
OG0004865	1	1	2
OG0004866	1	1	2
OG0004867	1	1	2
OG0004868	1	1	2
OG0004869	1	1	2
OG0004870	1	1	2
OG0004871	1	1	2
OG0004872	1	1	2
OG0004873	1	1	2
OG0004874	1	1	2
OG0004875	1	1	2
OG0004876	1	1	2
OG0004877	1	1	2
OG0004878	1	1	2
OG0004879	1	1	2
OG0004880	1	1	2
OG0004881	1	1	2
OG0004882	1	1	2
OG0004883	1	1	2
OG0004884	1	1	2
OG0004885	1	1	2
OG0004886	1	1	2
OG0004887	1	1	2
OG0004888	1	1	2
OG0004889	1	1	2
OG0004890	1	1	2
OG0004891	1	1	2
OG0004892	1	1	2
OG0004893	1	1	2
OG0004894	1	1	2
OG0004895	1	1	2
OG0004896	1	1	2
OG0004897	1	1	2
OG0004898	1	1	2
OG0004899	1	1	2
OG0004900	1	1	2
OG0004901	1	1	2
OG0004902	1	1	2
OG0004903	1	1	2
OG0004904	1	1	2
OG0004905	1	1	2
OG0004906	1	1	2
OG0004907	1	1	2
OG0004908	1	1	2
OG0004909	1	1	2
OG0004910	1	1	2
OG0004911	1	1	2
OG0004912	1	1	2
OG0004913	1	1	2
OG0004914	1	1	2
OG0004915	1	1	2
OG0004916	1	1	2
OG0004917	1	1	2
OG0004918	1	1	2
OG0004919	1	1	2
OG0004920	1	1	2
OG0004921	1	1	2
OG0004922	1	1	2
OG0004923	1	1	2
OG0004924	1	1	2
OG0004925	1	1	2
OG0004926	1	1	2
OG0004927	1	1	2
OG0004928	1	1	2
OG0004929	1	1	2
OG0004930	1	1	2
OG0004931	1	1	2
OG0004932	1	1	2
OG0004933	1	1	2
OG0004934	1	1	2
OG0004935	1	1	2
OG0004936	1	1	2
OG0004937	1	1	2
OG0004938	1	1	2
OG0004939	1	1	2
OG0004940	1	1	2
OG0004941	1	1	2
OG0004942	1	1	2
OG0004943	1	1	2
OG0004944	1	1	2
OG0004945	1	1	2
OG0004946	1	1	2
OG0004947	1	1	2
OG0004948	1	1	2
OG0004949	1	1	2
OG0004950	1	1	2
OG0004951	1	1	2
OG0004952	1	1	2
OG0004953	1	1	2
OG0004954	1	1	2
OG0004955	1	1	2
OG0004956	1	1	2
OG0004957	1	1	2
OG0004958	1	1	2
OG0004959	1	1	2
OG0004960	1	1	2
OG0004961	1	1	2
OG0004962	1	1	2
OG0004963	1	1	2
OG0004964	1	1	2
OG0004965	1	1	2
OG0004966	1	1	2
OG0004967	1	1	2
OG0004968	1	1	2
OG0004969	1	1	2
OG0004970	1	1	2
OG0004971	1	1	2
OG0004972	1	1	2
OG0004973	1	1	2
OG0004974	1	1	2
OG0004975	1	1	2
OG0004976	1	1	2
OG0004977	1	1	2
OG0004978	1	1	2
OG0004979	1	1	2
OG0004980	1	1	2
OG0004981	1	1	2
OG0004982	1	1	2
OG0004983	1	1	2
OG0004984	1	1	2
OG0004985	1	1	2
OG0004986	1	1	2
OG0004987	1	1	2
OG0004988	1	1	2
OG0004989	1	1	2
OG0004990	1	1	2
OG0004991	1	1	2
OG0004992	1	1	2
OG0004993	1	1	2
OG0004994	1	1	2
OG0004995	1	1	2
OG0004996	1	1	2
OG0004997	1	1	2
OG0004998	1	1	2
OG0004999	1	1	2
OG0005000	1	1	2
OG0005001	1	1	2
OG0005002	1	1	2
OG0005003	1	1	2
OG0005004	1	1	2
OG0005005	1	1	2
OG0005006	1	1	2
OG0005007	1	1	2
OG0005008	1	1	2
OG0005009	1	1	2
OG0005010	1	1	2
OG0005011	1	1	2
OG0005012	1	1	2
OG0005013	1	1	2
OG0005014	1	1	2
OG0005015	1	1	2
OG0005016	1	1	2
OG0005017	1	1	2
OG0005018	1	1	2
OG0005019	1	1	2
OG0005020	1	1	2
OG0005021	1	1	2
OG0005022	1	1	2
OG0005023	1	1	2
OG0005024	1	1	2
OG0005025	1	1	2
OG0005026	1	1	2
OG0005027	1	1	2
OG0005028	1	1	2
OG0005029	1	1	2
OG0005030	1	1	2
OG0005031	1	1	2
OG0005032	1	1	2
OG0005033	1	1	2
OG0005034	1	1	2
OG0005035	1	1	2
OG0005036	1	1	2
OG0005037	1	1	2
OG0005038	1	1	2
OG0005039	1	1	2
OG0005040	1	1	2
OG0005041	1	1	2
OG0005042	1	1	2
OG0005043	1	1	2
OG0005044	1	1	2
OG0005045	1	1	2
OG0005046	1	1	2
OG0005047	1	1	2
OG0005048	1	1	2
OG0005049	1	1	2
OG0005050	1	1	2
OG0005051	1	1	2
OG0005052	1	1	2
OG0005053	1	1	2
OG0005054	1	1	2
OG0005055	1	1	2
OG0005056	1	1	2
OG0005057	1	1	2
OG0005058	1	1	2
OG0005059	1	1	2
OG0005060	1	1	2
OG0005061	1	1	2
OG0005062	1	1	2
OG0005063	1	1	2
OG0005064	1	1	2
OG0005065	1	1	2
OG0005066	1	1	2
OG0005067	1	1	2
OG0005068	1	1	2
OG0005069	1	1	2
OG0005070	1	1	2
OG0005071	1	1	2
OG0005072	1	1	2
OG0005073	1	1	2
OG0005074	1	1	2
OG0005075	1	1	2
OG0005076	1	1	2
OG0005077	1	1	2
OG0005078	1	1	2
OG0005079	1	1	2
OG0005080	1	1	2
OG0005081	1	1	2
OG0005082	1	1	2
OG0005083	1	1	2
OG0005084	1	1	2
OG0005085	1	1	2
OG0005086	1	1	2
OG0005087	1	1	2
OG0005088	1	1	2
OG0005089	1	1	2
OG0005090	1	1	2
OG0005091	1	1	2
OG0005092	1	1	2
OG0005093	1	1	2
OG0005094	1	1	2
OG0005095	1	1	2
OG0005096	1	1	2
OG0005097	1	1	2
OG0005098	1	1	2
OG0005099	1	1	2
OG0005100	1	1	2
OG0005101	1	1	2
OG0005102	1	1	2
OG0005103	1	1	2
OG0005104	1	1	2
OG0005105	1	1	2
OG0005106	1	1	2
OG0005107	1	1	2
OG0005108	1	1	2
OG0005109	1	1	2
OG0005110	1	1	2
OG0005111	1	1	2
OG0005112	1	1	2
OG0005113	1	1	2
OG0005114	1	1	2
OG0005115	1	1	2
OG0005116	1	1	2
OG0005117	1	1	2
OG0005118	1	1	2
OG0005119	1	1	2
OG0005120	1	1	2
OG0005121	1	1	2
OG0005122	1	1	2
OG0005123	1	1	2
OG0005124	1	1	2
OG0005125	1	1	2
OG0005126	1	1	2
OG0005127	1	1	2
OG0005128	1	1	2
OG0005129	1	1	2
OG0005130	1	1	2
OG0005131	1	1	2
OG0005132	1	1	2
OG0005133	1	1	2
OG0005134	1	1	2
OG0005135	1	1	2
OG0005136	1	1	2
OG0005137	1	1	2
OG0005138	1	1	2
OG0005139	1	1	2
OG0005140	1	1	2
OG0005141	1	1	2
OG0005142	1	1	2
OG0005143	1	1	2
OG0005144	1	1	2
OG0005145	1	1	2
OG0005146	1	1	2
OG0005147	1	1	2
OG0005148	1	1	2
OG0005149	1	1	2
OG0005150	1	1	2
OG0005151	1	1	2
OG0005152	1	1	2
OG0005153	1	1	2
OG0005154	1	1	2
OG0005155	1	1	2
OG0005156	1	1	2
OG0005157	1	1	2
OG0005158	1	1	2
OG0005159	1	1	2
OG0005160	1	1	2
OG0005161	1	1	2
OG0005162	1	1	2
OG0005163	1	1	2
OG0005164	1	1	2
OG0005165	1	1	2
OG0005166	1	1	2
OG0005167	1	1	2
OG0005168	1	1	2
OG0005169	1	1	2
OG0005170	1	1	2
OG0005171	1	1	2
OG0005172	1	1	2
OG0005173	1	1	2
OG0005174	1	1	2
OG0005175	1	1	2
OG0005176	1	1	2
OG0005177	1	1	2
OG0005178	1	1	2
OG0005179	1	1	2
OG0005180	1	1	2
OG0005181	1	1	2
OG0005182	1	1	2
OG0005183	1	1	2
OG0005184	1	1	2
OG0005185	1	1	2
OG0005186	1	1	2
OG0005187	1	1	2
OG0005188	1	1	2
OG0005189	1	1	2
OG0005190	1	1	2
OG0005191	1	1	2
OG0005192	1	1	2
OG0005193	1	1	2
OG0005194	1	1	2
OG0005195	1	1	2
OG0005196	1	1	2
OG0005197	1	1	2
OG0005198	1	1	2
OG0005199	1	1	2
OG0005200	1	1	2
OG0005201	1	1	2
OG0005202	1	1	2
OG0005203	1	1	2
OG0005204	1	1	2
OG0005205	1	1	2
OG0005206	1	1	2
OG0005207	1	1	2
OG0005208	1	1	2
OG0005209	1	1	2
OG0005210	1	1	2
OG0005211	1	1	2
OG0005212	1	1	2
OG0005213	1	1	2
OG0005214	1	1	2
OG0005215	1	1	2
OG0005216	1	1	2
OG0005217	1	1	2
OG0005218	1	1	2
OG0005219	1	1	2
OG0005220	1	1	2
OG0005221	1	1	2
OG0005222	1	1	2
OG0005223	1	1	2
OG0005224	1	1	2
OG0005225	1	1	2
OG0005226	1	1	2
OG0005227	1	1	2
OG0005228	1	1	2
OG0005229	1	1	2
OG0005230	1	1	2
OG0005231	1	1	2
OG0005232	1	1	2
OG0005233	1	1	2
OG0005234	1	1	2
OG0005235	1	1	2
OG0005236	1	1	2
OG0005237	1	1	2
OG0005238	1	1	2
OG0005239	1	1	2
OG0005240	1	1	2
OG0005241	1	1	2
OG0005242	1	1	2
OG0005243	1	1	2
OG0005244	1	1	2
OG0005245	1	1	2
OG0005246	1	1	2
OG0005247	1	1	2
OG0005248	1	1	2
OG0005249	1	1	2
OG0005250	1	1	2
OG0005251	1	1	2
OG0005252	1	1	2
OG0005253	1	1	2
OG0005254	1	1	2
OG0005255	1	1	2
OG0005256	1	1	2
OG0005257	1	1	2
OG0005258	1	1	2
OG0005259	1	1	2
OG0005260	1	1	2
OG0005261	1	1	2
OG0005262	1	1	2
OG0005263	1	1	2
OG0005264	1	1	2
OG0005265	1	1	2
OG0005266	1	1	2
OG0005267	1	1	2
OG0005268	1	1	2
OG0005269	1	1	2
OG0005270	1	1	2
OG0005271	1	1	2
OG0005272	1	1	2
OG0005273	1	1	2
OG0005274	1	1	2
OG0005275	1	1	2
OG0005276	1	1	2
OG0005277	1	1	2
OG0005278	1	1	2
OG0005279	1	1	2
OG0005280	1	1	2
OG0005281	1	1	2
OG0005282	1	1	2
OG0005283	1	1	2
OG0005284	1	1	2
OG0005285	1	1	2
OG0005286	1	1	2
OG0005287	1	1	2
OG0005288	1	1	2
OG0005289	1	1	2
OG0005290	1	1	2
OG0005291	1	1	2
OG0005292	1	1	2
OG0005293	1	1	2
OG0005294	1	1	2
OG0005295	1	1	2
OG0005296	1	1	2
OG0005297	1	1	2
OG0005298	1	1	2
OG0005299	1	1	2
OG0005300	1	1	2
OG0005301	1	1	2
OG0005302	1	1	2
OG0005303	1	1	2
OG0005304	1	1	2
OG0005305	1	1	2
OG0005306	1	1	2
OG0005307	1	1	2
OG0005308	1	1	2
OG0005309	1	1	2
OG0005310	1	1	2
OG0005311	1	1	2
OG0005312	1	1	2
OG0005313	1	1	2
OG0005314	1	1	2
OG0005315	1	1	2
OG0005316	1	1	2
OG0005317	1	1	2
OG0005318	1	1	2
OG0005319	1	1	2
OG0005320	1	1	2
OG0005321	1	1	2
OG0005322	1	1	2
OG0005323	1	1	2
OG0005324	1	1	2
OG0005325	1	1	2
OG0005326	1	1	2
OG0005327	1	1	2
OG0005328	1	1	2
OG0005329	1	1	2
OG0005330	1	1	2
OG0005331	1	1	2
OG0005332	1	1	2
OG0005333	1	1	2
OG0005334	1	1	2
OG0005335	1	1	2
OG0005336	1	1	2
OG0005337	1	1	2
OG0005338	1	1	2
OG0005339	1	1	2
OG0005340	1	1	2
OG0005341	1	1	2
OG0005342	1	1	2
OG0005343	1	1	2
OG0005344	1	1	2
OG0005345	1	1	2
OG0005346	1	1	2
OG0005347	1	1	2
OG0005348	1	1	2
OG0005349	1	1	2
OG0005350	1	1	2
OG0005351	1	1	2
OG0005352	1	1	2
OG0005353	1	1	2
OG0005354	1	1	2
OG0005355	1	1	2
OG0005356	1	1	2
OG0005357	1	1	2
OG0005358	1	1	2
OG0005359	1	1	2
OG0005360	1	1	2
OG0005361	1	1	2
OG0005362	1	1	2
OG0005363	1	1	2
OG0005364	1	1	2
OG0005365	1	1	2
OG0005366	1	1	2
OG0005367	1	1	2
OG0005368	1	1	2
OG0005369	1	1	2
OG0005370	1	1	2
OG0005371	1	1	2
OG0005372	1	1	2
OG0005373	1	1	2
OG0005374	1	1	2
OG0005375	1	1	2
OG0005376	1	1	2
OG0005377	1	1	2
OG0005378	1	1	2
OG0005379	1	1	2
OG0005380	1	1	2
OG0005381	1	1	2
OG0005382	1	1	2
OG0005383	1	1	2
OG0005384	1	1	2
OG0005385	1	1	2
OG0005386	1	1	2
OG0005387	1	1	2
OG0005388	1	1	2
OG0005389	1	1	2
OG0005390	1	1	2
OG0005391	1	1	2
OG0005392	1	1	2
OG0005393	1	1	2
OG0005394	1	1	2
OG0005395	1	1	2
OG0005396	1	1	2
OG0005397	1	1	2
OG0005398	1	1	2
OG0005399	1	1	2
OG0005400	1	1	2
OG0005401	1	1	2
OG0005402	1	1	2
OG0005403	1	1	2
OG0005404	1	1	2
OG0005405	1	1	2
OG0005406	1	1	2
OG0005407	1	1	2
OG0005408	1	1	2
OG0005409	1	1	2
OG0005410	1	1	2
OG0005411	1	1	2
OG0005412	1	1	2
OG0005413	1	1	2
OG0005414	1	1	2
OG0005415	1	1	2
OG0005416	1	1	2
OG0005417	1	1	2
OG0005418	1	1	2
OG0005419	1	1	2
OG0005420	1	1	2
OG0005421	1	1	2
OG0005422	1	1	2
OG0005423	1	1	2
OG0005424	1	1	2
OG0005425	1	1	2
OG0005426	1	1	2
OG0005427	1	1	2
OG0005428	1	1	2
OG0005429	1	1	2
OG0005430	1	1	2
OG0005431	1	1	2
OG0005432	1	1	2
OG0005433	1	1	2
OG0005434	1	1	2
OG0005435	1	1	2
OG0005436	1	1	2
OG0005437	1	1	2
OG0005438	1	1	2
OG0005439	1	1	2
OG0005440	1	1	2
OG0005441	1	1	2
OG0005442	1	1	2
OG0005443	1	1	2
OG0005444	1	1	2
OG0005445	1	1	2
OG0005446	1	1	2
OG0005447	1	1	2
OG0005448	1	1	2
OG0005449	1	1	2
OG0005450	1	1	2
OG0005451	1	1	2
OG0005452	1	1	2
OG0005453	1	1	2
OG0005454	1	1	2
OG0005455	1	1	2
OG0005456	1	1	2
OG0005457	1	1	2
OG0005458	1	1	2
OG0005459	1	1	2
OG0005460	1	1	2
OG0005461	1	1	2
OG0005462	1	1	2
OG0005463	1	1	2
OG0005464	1	1	2
OG0005465	1	1	2
OG0005466	1	1	2
OG0005467	1	1	2
OG0005468	1	1	2
OG0005469	1	1	2
OG0005470	1	1	2
OG0005471	1	1	2
OG0005472	1	1	2
OG0005473	1	1	2
OG0005474	1	1	2
OG0005475	1	1	2
OG0005476	1	1	2
OG0005477	1	1	2
OG0005478	1	1	2
OG0005479	1	1	2
OG0005480	1	1	2
OG0005481	1	1	2
OG0005482	1	1	2
OG0005483	1	1	2
OG0005484	1	1	2
OG0005485	1	1	2
OG0005486	1	1	2
OG0005487	1	1	2
OG0005488	1	1	2
OG0005489	1	1	2
OG0005490	1	1	2
OG0005491	1	1	2
OG0005492	1	1	2
OG0005493	1	1	2
OG0005494	1	1	2
OG0005495	1	1	2
OG0005496	1	1	2
OG0005497	1	1	2
OG0005498	1	1	2
OG0005499	1	1	2
OG0005500	1	1	2
OG0005501	1	1	2
OG0005502	1	1	2
OG0005503	1	1	2
OG0005504	1	1	2
OG0005505	1	1	2
OG0005506	1	1	2
OG0005507	1	1	2
OG0005508	1	1	2
OG0005509	1	1	2
OG0005510	1	1	2
OG0005511	1	1	2
OG0005512	1	1	2
OG0005513	1	1	2
OG0005514	1	1	2
OG0005515	1	1	2
OG0005516	1	1	2
OG0005517	1	1	2
OG0005518	1	1	2
OG0005519	1	1	2
OG0005520	1	1	2
OG0005521	1	1	2
OG0005522	1	1	2
OG0005523	1	1	2
OG0005524	1	1	2
OG0005525	1	1	2
OG0005526	1	1	2
OG0005527	1	1	2
OG0005528	1	1	2
OG0005529	1	1	2
OG0005530	1	1	2
OG0005531	1	1	2
OG0005532	1	1	2
OG0005533	1	1	2
OG0005534	1	1	2
OG0005535	1	1	2
OG0005536	1	1	2
OG0005537	1	1	2
OG0005538	1	1	2
OG0005539	1	1	2
OG0005540	1	1	2
OG0005541	1	1	2
OG0005542	1	1	2
OG0005543	1	1	2
OG0005544	1	1	2
OG0005545	1	1	2
OG0005546	1	1	2
OG0005547	1	1	2
OG0005548	1	1	2
OG0005549	1	1	2
OG0005550	1	1	2
OG0005551	1	1	2
OG0005552	1	1	2
OG0005553	1	1	2
OG0005554	1	1	2
OG0005555	1	1	2
OG0005556	1	1	2
OG0005557	1	1	2
OG0005558	1	1	2
OG0005559	1	1	2
OG0005560	1	1	2
OG0005561	1	1	2
OG0005562	1	1	2
OG0005563	1	1	2
OG0005564	1	1	2
OG0005565	1	1	2
OG0005566	1	1	2
OG0005567	1	1	2
OG0005568	1	1	2
OG0005569	1	1	2
OG0005570	1	1	2
OG0005571	1	1	2
OG0005572	1	1	2
OG0005573	1	1	2
OG0005574	1	1	2
OG0005575	1	1	2
OG0005576	1	1	2
OG0005577	1	1	2
OG0005578	1	1	2
OG0005579	1	1	2
OG0005580	1	1	2
OG0005581	1	1	2
OG0005582	1	1	2
OG0005583	1	1	2
OG0005584	1	1	2
OG0005585	1	1	2
OG0005586	1	1	2
OG0005587	1	1	2
OG0005588	1	1	2
OG0005589	1	1	2
OG0005590	1	1	2
OG0005591	1	1	2
OG0005592	1	1	2
OG0005593	1	1	2
OG0005594	1	1	2
OG0005595	1	1	2
OG0005596	1	1	2
OG0005597	1	1	2
OG0005598	1	1	2
OG0005599	1	1	2
OG0005600	1	1	2
OG0005601	1	1	2
OG0005602	1	1	2
OG0005603	1	1	2
OG0005604	1	1	2
OG0005605	1	1	2
OG0005606	1	1	2
OG0005607	1	1	2
OG0005608	1	1	2
OG0005609	1	1	2
OG0005610	1	1	2
OG0005611	1	1	2
OG0005612	1	1	2
OG0005613	1	1	2
OG0005614	1	1	2
OG0005615	1	1	2
OG0005616	1	1	2
OG0005617	1	1	2
OG0005618	1	1	2
OG0005619	1	1	2
OG0005620	1	1	2
OG0005621	1	1	2
OG0005622	1	1	2
OG0005623	1	1	2
OG0005624	1	1	2
OG0005625	1	1	2
OG0005626	1	1	2
OG0005627	1	1	2
OG0005628	1	1	2
OG0005629	1	1	2
OG0005630	1	1	2
OG0005631	1	1	2
OG0005632	1	1	2
OG0005633	1	1	2
OG0005634	1	1	2
OG0005635	1	1	2
OG0005636	1	1	2
OG0005637	1	1	2
OG0005638	1	1	2
OG0005639	1	1	2
OG0005640	1	1	2
OG0005641	1	1	2
OG0005642	1	1	2
OG0005643	1	1	2
OG0005644	1	1	2
OG0005645	1	1	2
OG0005646	1	1	2
OG0005647	1	1	2
OG0005648	1	1	2
OG0005649	1	1	2
OG0005650	1	1	2
OG0005651	1	1	2
OG0005652	1	1	2
OG0005653	1	1	2
OG0005654	1	1	2
OG0005655	1	1	2
OG0005656	1	1	2
OG0005657	1	1	2
OG0005658	1	1	2
OG0005659	1	1	2
OG0005660	1	1	2
OG0005661	1	1	2
OG0005662	1	1	2
OG0005663	1	1	2
OG0005664	1	1	2
OG0005665	1	1	2
OG0005666	1	1	2
OG0005667	1	1	2
OG0005668	1	1	2
OG0005669	1	1	2
OG0005670	1	1	2
OG0005671	1	1	2
OG0005672	1	1	2
OG0005673	1	1	2
OG0005674	1	1	2
OG0005675	1	1	2
OG0005676	1	1	2
OG0005677	1	1	2
OG0005678	1	1	2
OG0005679	1	1	2
OG0005680	1	1	2
OG0005681	1	1	2
OG0005682	1	1	2
OG0005683	1	1	2
OG0005684	1	1	2
OG0005685	1	1	2
OG0005686	1	1	2
OG0005687	1	1	2
OG0005688	1	1	2
OG0005689	1	1	2
OG0005690	1	1	2
OG0005691	1	1	2
OG0005692	1	1	2
OG0005693	1	1	2
OG0005694	1	1	2
OG0005695	1	1	2
OG0005696	1	1	2
OG0005697	1	1	2
OG0005698	1	1	2
OG0005699	1	1	2
OG0005700	1	1	2
OG0005701	1	1	2
OG0005702	1	1	2
OG0005703	1	1	2
OG0005704	1	1	2
OG0005705	1	1	2
OG0005706	1	1	2
OG0005707	1	1	2
OG0005708	1	1	2
OG0005709	1	1	2
OG0005710	1	1	2
OG0005711	1	1	2
OG0005712	1	1	2
OG0005713	1	1	2
OG0005714	1	1	2
OG0005715	1	1	2
OG0005716	1	1	2
OG0005717	1	1	2
OG0005718	1	1	2
OG0005719	1	1	2
OG0005720	1	1	2
OG0005721	1	1	2
OG0005722	1	1	2
OG0005723	1	1	2
OG0005724	1	1	2
OG0005725	1	1	2
OG0005726	1	1	2
OG0005727	1	1	2
OG0005728	1	1	2
OG0005729	1	1	2
OG0005730	1	1	2
OG0005731	1	1	2
OG0005732	1	1	2
OG0005733	1	1	2
OG0005734	1	1	2
OG0005735	1	1	2
OG0005736	1	1	2
OG0005737	1	1	2
OG0005738	1	1	2
OG0005739	1	1	2
OG0005740	1	1	2
OG0005741	1	1	2
OG0005742	1	1	2
OG0005743	1	1	2
OG0005744	1	1	2
OG0005745	1	1	2
OG0005746	1	1	2
OG0005747	1	1	2
OG0005748	1	1	2
OG0005749	1	1	2
OG0005750	1	1	2
OG0005751	1	1	2
OG0005752	1	1	2
OG0005753	1	1	2
OG0005754	1	1	2
OG0005755	1	1	2
OG0005756	1	1	2
OG0005757	1	1	2
OG0005758	1	1	2
OG0005759	1	1	2
OG0005760	1	1	2
OG0005761	1	1	2
OG0005762	1	1	2
OG0005763	1	1	2
OG0005764	1	1	2
OG0005765	1	1	2
OG0005766	1	1	2
OG0005767	1	1	2
OG0005768	1	1	2
OG0005769	1	1	2
OG0005770	1	1	2
OG0005771	1	1	2
OG0005772	1	1	2
OG0005773	1	1	2
OG0005774	1	1	2
OG0005775	1	1	2
OG0005776	1	1	2
OG0005777	1	1	2
OG0005778	1	1	2
OG0005779	1	1	2
OG0005780	1	1	2
OG0005781	1	1	2
OG0005782	1	1	2
OG0005783	1	1	2
OG0005784	1	1	2
OG0005785	1	1	2
OG0005786	1	1	2
OG0005787	1	1	2
OG0005788	1	1	2
OG0005789	1	1	2
OG0005790	1	1	2
OG0005791	1	1	2
OG0005792	1	1	2
OG0005793	1	1	2
OG0005794	1	1	2
OG0005795	1	1	2
OG0005796	1	1	2
OG0005797	1	1	2
OG0005798	1	1	2
OG0005799	1	1	2
OG0005800	1	1	2
OG0005801	1	1	2
OG0005802	1	1	2
OG0005803	1	1	2
OG0005804	1	1	2
OG0005805	1	1	2
OG0005806	1	1	2
OG0005807	1	1	2
OG0005808	1	1	2
OG0005809	1	1	2
OG0005810	1	1	2
OG0005811	1	1	2
OG0005812	1	1	2
OG0005813	1	1	2
OG0005814	1	1	2
OG0005815	1	1	2
OG0005816	1	1	2
OG0005817	1	1	2
OG0005818	1	1	2
OG0005819	1	1	2
OG0005820	1	1	2
OG0005821	1	1	2
OG0005822	1	1	2
OG0005823	1	1	2
OG0005824	1	1	2
OG0005825	1	1	2
OG0005826	1	1	2
OG0005827	1	1	2
OG0005828	1	1	2
OG0005829	1	1	2
OG0005830	1	1	2
OG0005831	1	1	2
OG0005832	1	1	2
OG0005833	1	1	2
OG0005834	1	1	2
OG0005835	1	1	2
OG0005836	1	1	2
OG0005837	1	1	2
OG0005838	1	1	2
OG0005839	1	1	2
OG0005840	1	1	2
OG0005841	1	1	2
OG0005842	1	1	2
OG0005843	1	1	2
OG0005844	1	1	2
OG0005845	1	1	2
OG0005846	1	1	2
OG0005847	1	1	2
OG0005848	1	1	2
OG0005849	1	1	2
OG0005850	1	1	2
OG0005851	1	1	2
OG0005852	1	1	2
OG0005853	1	1	2
OG0005854	1	1	2
OG0005855	1	1	2
OG0005856	1	1	2
OG0005857	1	1	2
OG0005858	1	1	2
OG0005859	1	1	2
OG0005860	1	1	2
OG0005861	1	1	2
OG0005862	1	1	2
OG0005863	1	1	2
OG0005864	1	1	2
OG0005865	1	1	2
OG0005866	1	1	2
OG0005867	1	1	2
OG0005868	1	1	2
OG0005869	1	1	2
OG0005870	1	1	2
OG0005871	1	1	2
OG0005872	1	1	2
OG0005873	1	1	2
OG0005874	1	1	2
OG0005875	1	1	2
OG0005876	1	1	2
OG0005877	1	1	2
OG0005878	1	1	2
OG0005879	1	1	2
OG0005880	1	1	2
OG0005881	1	1	2
OG0005882	1	1	2
OG0005883	1	1	2
OG0005884	1	1	2
OG0005885	1	1	2
OG0005886	1	1	2
OG0005887	1	1	2
OG0005888	1	1	2
OG0005889	1	1	2
OG0005890	1	1	2
OG0005891	1	1	2
OG0005892	1	1	2
OG0005893	1	1	2
OG0005894	1	1	2
OG0005895	1	1	2
OG0005896	1	1	2
OG0005897	1	1	2
OG0005898	1	1	2
OG0005899	1	1	2
OG0005900	1	1	2
OG0005901	1	1	2
OG0005902	1	1	2
OG0005903	1	1	2
OG0005904	1	1	2
OG0005905	1	1	2
OG0005906	1	1	2
OG0005907	1	1	2
OG0005908	1	1	2
OG0005909	1	1	2
OG0005910	1	1	2
OG0005911	1	1	2
OG0005912	1	1	2
OG0005913	1	1	2
OG0005914	1	1	2
OG0005915	1	1	2
OG0005916	1	1	2
OG0005917	1	1	2
OG0005918	1	1	2
OG0005919	1	1	2
OG0005920	1	1	2
OG0005921	1	1	2
OG0005922	1	1	2
OG0005923	1	1	2
OG0005924	1	1	2
OG0005925	1	1	2
OG0005926	1	1	2
OG0005927	1	1	2
OG0005928	1	1	2
OG0005929	1	1	2
OG0005930	1	1	2
OG0005931	1	1	2
OG0005932	1	1	2
OG0005933	1	1	2
OG0005934	1	1	2
OG0005935	1	1	2
OG0005936	1	1	2
OG0005937	1	1	2
OG0005938	1	1	2
OG0005939	1	1	2
OG0005940	1	1	2
OG0005941	1	1	2
OG0005942	1	1	2
OG0005943	1	1	2
OG0005944	1	1	2
OG0005945	1	1	2
OG0005946	1	1	2
OG0005947	1	1	2
OG0005948	1	1	2
OG0005949	1	1	2
OG0005950	1	1	2
OG0005951	1	1	2
OG0005952	1	1	2
OG0005953	1	1	2
OG0005954	1	1	2
OG0005955	1	1	2
OG0005956	1	1	2
OG0005957	1	1	2
OG0005958	1	1	2
OG0005959	1	1	2
OG0005960	1	1	2
OG0005961	1	1	2
OG0005962	1	1	2
OG0005963	1	1	2
OG0005964	1	1	2
OG0005965	1	1	2
OG0005966	1	1	2
OG0005967	1	1	2
OG0005968	1	1	2
OG0005969	1	1	2
OG0005970	1	1	2
OG0005971	1	1	2
OG0005972	1	1	2
OG0005973	1	1	2
OG0005974	1	1	2
OG0005975	1	1	2
OG0005976	1	1	2
OG0005977	1	1	2
OG0005978	1	1	2
OG0005979	1	1	2
OG0005980	1	1	2
OG0005981	1	1	2
OG0005982	1	1	2
OG0005983	1	1	2
OG0005984	1	1	2
OG0005985	1	1	2
OG0005986	1	1	2
OG0005987	1	1	2
OG0005988	1	1	2
OG0005989	1	1	2
OG0005990	1	1	2
OG0005991	1	1	2
OG0005992	1	1	2
OG0005993	1	1	2
OG0005994	1	1	2
OG0005995	1	1	2
OG0005996	1	1	2
OG0005997	1	1	2
OG0005998	1	1	2
OG0005999	1	1	2
OG0006000	1	1	2
OG0006001	1	1	2
OG0006002	1	1	2
OG0006003	1	1	2
OG0006004	1	1	2
OG0006005	1	1	2
OG0006006	1	1	2
OG0006007	1	1	2
OG0006008	1	1	2
OG0006009	1	1	2
OG0006010	1	1	2
OG0006011	1	1	2
OG0006012	1	1	2
OG0006013	1	1	2
OG0006014	1	1	2
OG0006015	1	1	2
OG0006016	1	1	2
OG0006017	1	1	2
OG0006018	1	1	2
OG0006019	1	1	2
OG0006020	1	1	2
OG0006021	1	1	2
OG0006022	1	1	2
OG0006023	1	1	2
OG0006024	1	1	2
OG0006025	1	1	2
OG0006026	1	1	2
OG0006027	1	1	2
OG0006028	1	1	2
OG0006029	1	1	2
OG0006030	1	1	2
OG0006031	1	1	2
OG0006032	1	1	2
OG0006033	1	1	2
OG0006034	1	1	2
OG0006035	1	1	2
OG0006036	1	1	2
OG0006037	1	1	2
OG0006038	1	1	2
OG0006039	1	1	2
OG0006040	1	1	2
OG0006041	1	1	2
OG0006042	1	1	2
OG0006043	1	1	2
OG0006044	1	1	2
OG0006045	1	1	2
OG0006046	1	1	2
OG0006047	1	1	2
OG0006048	1	1	2
OG0006049	1	1	2
OG0006050	1	1	2
OG0006051	1	1	2
OG0006052	1	1	2
OG0006053	1	1	2
OG0006054	1	1	2
OG0006055	1	1	2
OG0006056	1	1	2
OG0006057	1	1	2
OG0006058	1	1	2
OG0006059	1	1	2
OG0006060	1	1	2
OG0006061	1	1	2
OG0006062	1	1	2
OG0006063	1	1	2
OG0006064	1	1	2
OG0006065	1	1	2
OG0006066	1	1	2
OG0006067	1	1	2
OG0006068	1	1	2
OG0006069	1	1	2
OG0006070	1	1	2
OG0006071	1	1	2
OG0006072	1	1	2
OG0006073	1	1	2
OG0006074	1	1	2
OG0006075	1	1	2
OG0006076	1	1	2
OG0006077	1	1	2
OG0006078	1	1	2
OG0006079	1	1	2
OG0006080	1	1	2
OG0006081	1	1	2
OG0006082	1	1	2
OG0006083	1	1	2
OG0006084	1	1	2
OG0006085	1	1	2
OG0006086	1	1	2
OG0006087	1	1	2
OG0006088	1	1	2
OG0006089	1	1	2
OG0006090	1	1	2
OG0006091	1	1	2
OG0006092	1	1	2
OG0006093	1	1	2
OG0006094	1	1	2
OG0006095	1	1	2
OG0006096	1	1	2
OG0006097	1	1	2
OG0006098	1	1	2
OG0006099	1	1	2
OG0006100	1	1	2
OG0006101	1	1	2
OG0006102	1	1	2
OG0006103	1	1	2
OG0006104	1	1	2
OG0006105	1	1	2
OG0006106	1	1	2
OG0006107	1	1	2
OG0006108	1	1	2
OG0006109	1	1	2
OG0006110	1	1	2
OG0006111	1	1	2
OG0006112	1	1	2
OG0006113	1	1	2
OG0006114	1	1	2
OG0006115	1	1	2
OG0006116	1	1	2
OG0006117	1	1	2
OG0006118	1	1	2
OG0006119	1	1	2
OG0006120	1	1	2
OG0006121	1	1	2
OG0006122	1	1	2
OG0006123	1	1	2
OG0006124	1	1	2
OG0006125	1	1	2
OG0006126	1	1	2
OG0006127	1	1	2
OG0006128	1	1	2
OG0006129	1	1	2
OG0006130	1	1	2
OG0006131	1	1	2
OG0006132	1	1	2
OG0006133	1	1	2
OG0006134	1	1	2
OG0006135	1	1	2
OG0006136	1	1	2
OG0006137	1	1	2
OG0006138	1	1	2
OG0006139	1	1	2
OG0006140	1	1	2
OG0006141	1	1	2
OG0006142	1	1	2
OG0006143	1	1	2
OG0006144	1	1	2
OG0006145	1	1	2
OG0006146	1	1	2
OG0006147	1	1	2
OG0006148	1	1	2
OG0006149	1	1	2
OG0006150	1	1	2
OG0006151	1	1	2
OG0006152	1	1	2
OG0006153	1	1	2
OG0006154	1	1	2
OG0006155	1	1	2
OG0006156	1	1	2
OG0006157	1	1	2
OG0006158	1	1	2
OG0006159	1	1	2
OG0006160	1	1	2
OG0006161	1	1	2
OG0006162	1	1	2
OG0006163	1	1	2
OG0006164	1	1	2
OG0006165	1	1	2
OG0006166	1	1	2
OG0006167	1	1	2
OG0006168	1	1	2
OG0006169	1	1	2
OG0006170	1	1	2
OG0006171	1	1	2
OG0006172	1	1	2
OG0006173	1	1	2
OG0006174	1	1	2
OG0006175	1	1	2
OG0006176	1	1	2
OG0006177	1	1	2
OG0006178	1	1	2
OG0006179	1	1	2
OG0006180	1	1	2
OG0006181	1	1	2
OG0006182	1	1	2
OG0006183	1	1	2
OG0006184	1	1	2
OG0006185	1	1	2
OG0006186	1	1	2
OG0006187	1	1	2
OG0006188	1	1	2
OG0006189	1	1	2
OG0006190	1	1	2
OG0006191	1	1	2
OG0006192	1	1	2
OG0006193	1	1	2
OG0006194	1	1	2
OG0006195	1	1	2
OG0006196	1	1	2
OG0006197	1	1	2
OG0006198	1	1	2
OG0006199	1	1	2
OG0006200	1	1	2
OG0006201	1	1	2
OG0006202	1	1	2
OG0006203	1	1	2
OG0006204	1	1	2
OG0006205	1	1	2
OG0006206	1	1	2
OG0006207	1	1	2
OG0006208	1	1	2
OG0006209	1	1	2
OG0006210	1	1	2
OG0006211	1	1	2
OG0006212	1	1	2
OG0006213	1	1	2
OG0006214	1	1	2
OG0006215	1	1	2
OG0006216	1	1	2
OG0006217	1	1	2
OG0006218	1	1	2
OG0006219	1	1	2
OG0006220	1	1	2
OG0006221	1	1	2
OG0006222	1	1	2
OG0006223	1	1	2
OG0006224	1	1	2
OG0006225	1	1	2
OG0006226	1	1	2
OG0006227	1	1	2
OG0006228	1	1	2
OG0006229	1	1	2
OG0006230	1	1	2
OG0006231	1	1	2
OG0006232	1	1	2
OG0006233	1	1	2
OG0006234	1	1	2
OG0006235	1	1	2
OG0006236	1	1	2
OG0006237	1	1	2
OG0006238	1	1	2
OG0006239	1	1	2
OG0006240	1	1	2
OG0006241	1	1	2
OG0006242	1	1	2
OG0006243	1	1	2
OG0006244	1	1	2
OG0006245	1	1	2
OG0006246	1	1	2
OG0006247	1	1	2
OG0006248	1	1	2
OG0006249	1	1	2
OG0006250	1	1	2
OG0006251	1	1	2
OG0006252	1	1	2
OG0006253	1	1	2
OG0006254	1	1	2
OG0006255	1	1	2
OG0006256	1	1	2
OG0006257	1	1	2
OG0006258	1	1	2
OG0006259	1	1	2
OG0006260	1	1	2
OG0006261	1	1	2
OG0006262	1	1	2
OG0006263	1	1	2
OG0006264	1	1	2
OG0006265	1	1	2
OG0006266	1	1	2
OG0006267	1	1	2
OG0006268	1	1	2
OG0006269	1	1	2
OG0006270	1	1	2
OG0006271	1	1	2
OG0006272	1	1	2
OG0006273	1	1	2
OG0006274	1	1	2
OG0006275	1	1	2
OG0006276	1	1	2
OG0006277	1	1	2
OG0006278	1	1	2
OG0006279	1	1	2
OG0006280	1	1	2
OG0006281	1	1	2
OG0006282	1	1	2
OG0006283	1	1	2
OG0006284	1	1	2
OG0006285	1	1	2
OG0006286	1	1	2
OG0006287	1	1	2
OG0006288	1	1	2
OG0006289	1	1	2
OG0006290	1	1	2
OG0006291	1	1	2
OG0006292	1	1	2
OG0006293	1	1	2
OG0006294	1	1	2
OG0006295	1	1	2
OG0006296	1	1	2
OG0006297	1	1	2
OG0006298	1	1	2
OG0006299	1	1	2
OG0006300	1	1	2
OG0006301	1	1	2
OG0006302	1	1	2
OG0006303	1	1	2
OG0006304	1	1	2
OG0006305	1	1	2
OG0006306	1	1	2
OG0006307	1	1	2
OG0006308	1	1	2
OG0006309	1	1	2
OG0006310	1	1	2
OG0006311	1	1	2
OG0006312	1	1	2
OG0006313	1	1	2
OG0006314	1	1	2
OG0006315	1	1	2
OG0006316	1	1	2
OG0006317	1	1	2
OG0006318	1	1	2
OG0006319	1	1	2
OG0006320	1	1	2
OG0006321	1	1	2
OG0006322	1	1	2
OG0006323	1	1	2
OG0006324	1	1	2
OG0006325	1	1	2
OG0006326	1	1	2
OG0006327	1	1	2
OG0006328	1	1	2
OG0006329	1	1	2
OG0006330	1	1	2
OG0006331	1	1	2
OG0006332	1	1	2
OG0006333	1	1	2
OG0006334	1	1	2
OG0006335	1	1	2
OG0006336	1	1	2
OG0006337	1	1	2
OG0006338	1	1	2
OG0006339	1	1	2
OG0006340	1	1	2
OG0006341	1	1	2
OG0006342	1	1	2
OG0006343	1	1	2
OG0006344	1	1	2
OG0006345	1	1	2
OG0006346	1	1	2
OG0006347	1	1	2
OG0006348	1	1	2
OG0006349	1	1	2
OG0006350	1	1	2
OG0006351	1	1	2
OG0006352	1	1	2
OG0006353	1	1	2
OG0006354	1	1	2
OG0006355	1	1	2
OG0006356	1	1	2
OG0006357	1	1	2
OG0006358	1	1	2
OG0006359	1	1	2
OG0006360	1	1	2
OG0006361	1	1	2
OG0006362	1	1	2
OG0006363	1	1	2
OG0006364	1	1	2
OG0006365	1	1	2
OG0006366	1	1	2
OG0006367	1	1	2
OG0006368	1	1	2
OG0006369	1	1	2
OG0006370	1	1	2
OG0006371	1	1	2
OG0006372	1	1	2
OG0006373	1	1	2
OG0006374	1	1	2
OG0006375	1	1	2
OG0006376	1	1	2
OG0006377	1	1	2
OG0006378	1	1	2
OG0006379	1	1	2
OG0006380	1	1	2
OG0006381	1	1	2
OG0006382	1	1	2
OG0006383	1	1	2
OG0006384	1	1	2
OG0006385	1	1	2
OG0006386	1	1	2
OG0006387	1	1	2
OG0006388	1	1	2
OG0006389	1	1	2
OG0006390	1	1	2
OG0006391	1	1	2
OG0006392	1	1	2
OG0006393	1	1	2
OG0006394	1	1	2
OG0006395	1	1	2
OG0006396	1	1	2
OG0006397	1	1	2
OG0006398	1	1	2
OG0006399	1	1	2
OG0006400	1	1	2
OG0006401	1	1	2
OG0006402	1	1	2
OG0006403	1	1	2
OG0006404	1	1	2
OG0006405	1	1	2
OG0006406	1	1	2
OG0006407	1	1	2
OG0006408	1	1	2
OG0006409	1	1	2
OG0006410	1	1	2
OG0006411	1	1	2
OG0006412	1	1	2
OG0006413	1	1	2
OG0006414	1	1	2
OG0006415	1	1	2
OG0006416	1	1	2
OG0006417	1	1	2
OG0006418	1	1	2
OG0006419	1	1	2
OG0006420	1	1	2
OG0006421	1	1	2
OG0006422	1	1	2
OG0006423	1	1	2
OG0006424	1	1	2
OG0006425	1	1	2
OG0006426	1	1	2
OG0006427	1	1	2
OG0006428	1	1	2
OG0006429	1	1	2
OG0006430	1	1	2
OG0006431	1	1	2
OG0006432	1	1	2
OG0006433	1	1	2
OG0006434	1	1	2
OG0006435	1	1	2
OG0006436	1	1	2
OG0006437	1	1	2
OG0006438	1	1	2
OG0006439	1	1	2
OG0006440	1	1	2
OG0006441	1	1	2
OG0006442	1	1	2
OG0006443	1	1	2
OG0006444	1	1	2
OG0006445	1	1	2
OG0006446	1	1	2
OG0006447	1	1	2
OG0006448	1	1	2
OG0006449	1	1	2
OG0006450	1	1	2
OG0006451	1	1	2
OG0006452	1	1	2
OG0006453	1	1	2
OG0006454	1	1	2
OG0006455	1	1	2
OG0006456	1	1	2
OG0006457	1	1	2
OG0006458	1	1	2
OG0006459	1	1	2
OG0006460	1	1	2
OG0006461	1	1	2
OG0006462	1	1	2
OG0006463	1	1	2
OG0006464	1	1	2
OG0006465	1	1	2
OG0006466	1	1	2
OG0006467	1	1	2
OG0006468	1	1	2
OG0006469	1	1	2
OG0006470	1	1	2
OG0006471	1	1	2
OG0006472	1	1	2
OG0006473	1	1	2
OG0006474	1	1	2
OG0006475	1	1	2
OG0006476	1	1	2
OG0006477	1	1	2
OG0006478	1	1	2
OG0006479	1	1	2
OG0006480	1	1	2
OG0006481	1	1	2
OG0006482	1	1	2
OG0006483	1	1	2
OG0006484	1	1	2
OG0006485	1	1	2
OG0006486	1	1	2
OG0006487	1	1	2
OG0006488	1	1	2
OG0006489	1	1	2
OG0006490	1	1	2
OG0006491	1	1	2
OG0006492	1	1	2
OG0006493	1	1	2
OG0006494	1	1	2
OG0006495	1	1	2
OG0006496	1	1	2
OG0006497	1	1	2
OG0006498	1	1	2
OG0006499	1	1	2
OG0006500	1	1	2
OG0006501	1	1	2
OG0006502	1	1	2
OG0006503	1	1	2
OG0006504	1	1	2
OG0006505	1	1	2
OG0006506	1	1	2
OG0006507	1	1	2
OG0006508	1	1	2
OG0006509	1	1	2
OG0006510	1	1	2
OG0006511	1	1	2
OG0006512	1	1	2
OG0006513	1	1	2
OG0006514	1	1	2
OG0006515	1	1	2
OG0006516	1	1	2
OG0006517	1	1	2
OG0006518	1	1	2
OG0006519	1	1	2
OG0006520	1	1	2
OG0006521	1	1	2
OG0006522	1	1	2
OG0006523	1	1	2
OG0006524	1	1	2
OG0006525	1	1	2
OG0006526	1	1	2
OG0006527	1	1	2
OG0006528	1	1	2
OG0006529	1	1	2
OG0006530	1	1	2
OG0006531	1	1	2
OG0006532	1	1	2
OG0006533	1	1	2
OG0006534	1	1	2
OG0006535	1	1	2
OG0006536	1	1	2
OG0006537	1	1	2
OG0006538	1	1	2
OG0006539	1	1	2
OG0006540	1	1	2
OG0006541	1	1	2
OG0006542	1	1	2
OG0006543	1	1	2
OG0006544	1	1	2
OG0006545	1	1	2
OG0006546	1	1	2
OG0006547	1	1	2
OG0006548	1	1	2
OG0006549	1	1	2
OG0006550	1	1	2
OG0006551	1	1	2
OG0006552	1	1	2
OG0006553	1	1	2
OG0006554	1	1	2
OG0006555	1	1	2
OG0006556	1	1	2
OG0006557	1	1	2
OG0006558	1	1	2
OG0006559	1	1	2
OG0006560	1	1	2
OG0006561	1	1	2
OG0006562	1	1	2
OG0006563	1	1	2
OG0006564	1	1	2
OG0006565	1	1	2
OG0006566	1	1	2
OG0006567	1	1	2
OG0006568	1	1	2
OG0006569	1	1	2
OG0006570	1	1	2
OG0006571	1	1	2
OG0006572	1	1	2
OG0006573	1	1	2
OG0006574	1	1	2
OG0006575	1	1	2
OG0006576	1	1	2
OG0006577	1	1	2
OG0006578	1	1	2
OG0006579	1	1	2
OG0006580	1	1	2
OG0006581	1	1	2
OG0006582	1	1	2
OG0006583	1	1	2
OG0006584	1	1	2
OG0006585	1	1	2
OG0006586	1	1	2
OG0006587	1	1	2
OG0006588	1	1	2
OG0006589	1	1	2
OG0006590	1	1	2
OG0006591	1	1	2
OG0006592	1	1	2
OG0006593	1	1	2
OG0006594	1	1	2
OG0006595	1	1	2
OG0006596	1	1	2
OG0006597	1	1	2
OG0006598	1	1	2
OG0006599	1	1	2
OG0006600	1	1	2
OG0006601	1	1	2
OG0006602	1	1	2
OG0006603	1	1	2
OG0006604	1	1	2
OG0006605	1	1	2
OG0006606	1	1	2
OG0006607	1	1	2
OG0006608	1	1	2
OG0006609	1	1	2
OG0006610	1	1	2
OG0006611	1	1	2
OG0006612	1	1	2
OG0006613	1	1	2
OG0006614	1	1	2
OG0006615	1	1	2
OG0006616	1	1	2
OG0006617	1	1	2
OG0006618	1	1	2
OG0006619	1	1	2
OG0006620	1	1	2
OG0006621	1	1	2
OG0006622	1	1	2
OG0006623	1	1	2
OG0006624	1	1	2
OG0006625	1	1	2
OG0006626	1	1	2
OG0006627	1	1	2
OG0006628	1	1	2
OG0006629	1	1	2
OG0006630	1	1	2
OG0006631	1	1	2
OG0006632	1	1	2
OG0006633	1	1	2
OG0006634	1	1	2
OG0006635	1	1	2
OG0006636	1	1	2
OG0006637	1	1	2
OG0006638	1	1	2
OG0006639	1	1	2
OG0006640	1	1	2
OG0006641	1	1	2
OG0006642	1	1	2
OG0006643	1	1	2
OG0006644	1	1	2
OG0006645	1	1	2
OG0006646	1	1	2
OG0006647	1	1	2
OG0006648	1	1	2
OG0006649	1	1	2
OG0006650	1	1	2
OG0006651	1	1	2
OG0006652	1	1	2
OG0006653	1	1	2
OG0006654	1	1	2
OG0006655	1	1	2
OG0006656	1	1	2
OG0006657	1	1	2
OG0006658	1	1	2
OG0006659	1	1	2
OG0006660	1	1	2
OG0006661	1	1	2
OG0006662	1	1	2
OG0006663	1	1	2
OG0006664	1	1	2
OG0006665	1	1	2
OG0006666	1	1	2
OG0006667	1	1	2
OG0006668	1	1	2
OG0006669	1	1	2
OG0006670	1	1	2
OG0006671	1	1	2
OG0006672	1	1	2
OG0006673	1	1	2
OG0006674	1	1	2
OG0006675	1	1	2
OG0006676	1	1	2
OG0006677	1	1	2
OG0006678	1	1	2
OG0006679	1	1	2
OG0006680	1	1	2
OG0006681	1	1	2
OG0006682	1	1	2
OG0006683	1	1	2
OG0006684	1	1	2
OG0006685	1	1	2
OG0006686	1	1	2
OG0006687	1	1	2
OG0006688	1	1	2
OG0006689	1	1	2
OG0006690	1	1	2
OG0006691	1	1	2
OG0006692	1	1	2
OG0006693	1	1	2
OG0006694	1	1	2
OG0006695	1	1	2
OG0006696	1	1	2
OG0006697	1	1	2
OG0006698	1	1	2
OG0006699	1	1	2
OG0006700	1	1	2
OG0006701	1	1	2
OG0006702	1	1	2
OG0006703	1	1	2
OG0006704	1	1	2
OG0006705	1	1	2
OG0006706	1	1	2
OG0006707	1	1	2
OG0006708	1	1	2
OG0006709	1	1	2
OG0006710	1	1	2
OG0006711	1	1	2
OG0006712	1	1	2
OG0006713	1	1	2
OG0006714	1	1	2
OG0006715	1	1	2
OG0006716	1	1	2
OG0006717	1	1	2
OG0006718	1	1	2
OG0006719	1	1	2
OG0006720	1	1	2
OG0006721	1	1	2
OG0006722	1	1	2
OG0006723	1	1	2
OG0006724	1	1	2
OG0006725	1	1	2
OG0006726	1	1	2
OG0006727	1	1	2
OG0006728	1	1	2
OG0006729	1	1	2
OG0006730	1	1	2
OG0006731	1	1	2
OG0006732	1	1	2
OG0006733	1	1	2
OG0006734	1	1	2
OG0006735	1	1	2
OG0006736	1	1	2
OG0006737	1	1	2
OG0006738	1	1	2
OG0006739	1	1	2
OG0006740	1	1	2
OG0006741	1	1	2
OG0006742	1	1	2
OG0006743	1	1	2
OG0006744	1	1	2
OG0006745	1	1	2
OG0006746	1	1	2
OG0006747	1	1	2
OG0006748	1	1	2
OG0006749	1	1	2
OG0006750	1	1	2
OG0006751	1	1	2
OG0006752	1	1	2
OG0006753	1	1	2
OG0006754	1	1	2
OG0006755	1	1	2
OG0006756	1	1	2
OG0006757	1	1	2
OG0006758	1	1	2
OG0006759	1	1	2
OG0006760	1	1	2
OG0006761	1	1	2
OG0006762	1	1	2
OG0006763	1	1	2
OG0006764	1	1	2
OG0006765	1	1	2
OG0006766	1	1	2
OG0006767	1	1	2
OG0006768	1	1	2
OG0006769	1	1	2
OG0006770	1	1	2
OG0006771	1	1	2
OG0006772	1	1	2
OG0006773	1	1	2
OG0006774	1	1	2
OG0006775	1	1	2
OG0006776	1	1	2
OG0006777	1	1	2
OG0006778	1	1	2
OG0006779	1	1	2
OG0006780	1	1	2
OG0006781	1	1	2
OG0006782	1	1	2
OG0006783	1	1	2
OG0006784	1	1	2
OG0006785	1	1	2
OG0006786	1	1	2
OG0006787	1	1	2
OG0006788	1	1	2
OG0006789	1	1	2
OG0006790	1	1	2
OG0006791	1	1	2
OG0006792	1	1	2
OG0006793	1	1	2
OG0006794	1	1	2
OG0006795	1	1	2
OG0006796	1	1	2
OG0006797	1	1	2
OG0006798	1	1	2
OG0006799	1	1	2
OG0006800	1	1	2
OG0006801	1	1	2
OG0006802	1	1	2
OG0006803	1	1	2
OG0006804	1	1	2
OG0006805	1	1	2
OG0006806	1	1	2
OG0006807	1	1	2
OG0006808	1	1	2
OG0006809	1	1	2
OG0006810	1	1	2
OG0006811	1	1	2
OG0006812	1	1	2
OG0006813	1	1	2
OG0006814	1	1	2
OG0006815	1	1	2
OG0006816	1	1	2
OG0006817	1	1	2
OG0006818	1	1	2
OG0006819	1	1	2
OG0006820	1	1	2
OG0006821	1	1	2
OG0006822	1	1	2
OG0006823	1	1	2
OG0006824	1	1	2
OG0006825	1	1	2
OG0006826	1	1	2
OG0006827	1	1	2
OG0006828	1	1	2
OG0006829	1	1	2
OG0006830	1	1	2
OG0006831	1	1	2
OG0006832	1	1	2
OG0006833	1	1	2
OG0006834	1	1	2
OG0006835	1	1	2
OG0006836	1	1	2
OG0006837	1	1	2
OG0006838	1	1	2
OG0006839	1	1	2
OG0006840	1	1	2
OG0006841	1	1	2
OG0006842	1	1	2
OG0006843	1	1	2
OG0006844	1	1	2
OG0006845	1	1	2
OG0006846	1	1	2
OG0006847	1	1	2
OG0006848	1	1	2
OG0006849	1	1	2
OG0006850	1	1	2
OG0006851	1	1	2
OG0006852	1	1	2
OG0006853	1	1	2
OG0006854	1	1	2
OG0006855	1	1	2
OG0006856	1	1	2
OG0006857	1	1	2
OG0006858	1	1	2
OG0006859	1	1	2
OG0006860	1	1	2
OG0006861	1	1	2
OG0006862	1	1	2
OG0006863	1	1	2
OG0006864	1	1	2
OG0006865	1	1	2
OG0006866	1	1	2
OG0006867	1	1	2
OG0006868	1	1	2
OG0006869	1	1	2
OG0006870	1	1	2
OG0006871	1	1	2
OG0006872	1	1	2
OG0006873	1	1	2
OG0006874	1	1	2
OG0006875	1	1	2
OG0006876	1	1	2
OG0006877	1	1	2
OG0006878	1	1	2
OG0006879	1	1	2
OG0006880	1	1	2
OG0006881	1	1	2
OG0006882	1	1	2
OG0006883	1	1	2
OG0006884	1	1	2
OG0006885	1	1	2
OG0006886	1	1	2
OG0006887	1	1	2
OG0006888	1	1	2
OG0006889	1	1	2
OG0006890	1	1	2
OG0006891	1	1	2
OG0006892	1	1	2
OG0006893	1	1	2
OG0006894	1	1	2
OG0006895	1	1	2
OG0006896	1	1	2
OG0006897	1	1	2
OG0006898	1	1	2
OG0006899	1	1	2
OG0006900	1	1	2
OG0006901	1	1	2
OG0006902	1	1	2
OG0006903	1	1	2
OG0006904	1	1	2
OG0006905	1	1	2
OG0006906	1	1	2
OG0006907	1	1	2
OG0006908	1	1	2
OG0006909	1	1	2
OG0006910	1	1	2
OG0006911	1	1	2
OG0006912	1	1	2
OG0006913	1	1	2
OG0006914	1	1	2
OG0006915	1	1	2
OG0006916	1	1	2
OG0006917	1	1	2
OG0006918	1	1	2
OG0006919	1	1	2
OG0006920	1	1	2
OG0006921	1	1	2
OG0006922	1	1	2
OG0006923	1	1	2
OG0006924	1	1	2
OG0006925	1	1	2
OG0006926	1	1	2
OG0006927	1	1	2
OG0006928	1	1	2
OG0006929	1	1	2
OG0006930	1	1	2
OG0006931	1	1	2
OG0006932	1	1	2
OG0006933	1	1	2
OG0006934	1	1	2
OG0006935	1	1	2
OG0006936	1	1	2
OG0006937	1	1	2
OG0006938	1	1	2
OG0006939	1	1	2
OG0006940	1	1	2
OG0006941	1	1	2
OG0006942	1	1	2
OG0006943	1	1	2
OG0006944	1	1	2
OG0006945	1	1	2
OG0006946	1	1	2
OG0006947	1	1	2
OG0006948	1	1	2
OG0006949	1	1	2
OG0006950	1	1	2
OG0006951	1	1	2
OG0006952	1	1	2
OG0006953	1	1	2
OG0006954	1	1	2
OG0006955	1	1	2
OG0006956	1	1	2
OG0006957	1	1	2
OG0006958	1	1	2
OG0006959	1	1	2
OG0006960	1	1	2
OG0006961	1	1	2
OG0006962	1	1	2
OG0006963	1	1	2
OG0006964	1	1	2
OG0006965	1	1	2
OG0006966	1	1	2
OG0006967	1	1	2
OG0006968	1	1	2
OG0006969	1	1	2
OG0006970	1	1	2
OG0006971	1	1	2
OG0006972	1	1	2
OG0006973	1	1	2
OG0006974	1	1	2
OG0006975	1	1	2
OG0006976	1	1	2
OG0006977	1	1	2
OG0006978	1	1	2
OG0006979	1	1	2
OG0006980	1	1	2
OG0006981	1	1	2
OG0006982	1	1	2
OG0006983	1	1	2
OG0006984	1	1	2
OG0006985	1	1	2
OG0006986	1	1	2
OG0006987	1	1	2
OG0006988	1	1	2
OG0006989	1	1	2
OG0006990	1	1	2
OG0006991	1	1	2
OG0006992	1	1	2
OG0006993	1	1	2
OG0006994	1	1	2
OG0006995	1	1	2
OG0006996	1	1	2
OG0006997	1	1	2
OG0006998	1	1	2
OG0006999	1	1	2
OG0007000	1	1	2
OG0007001	1	1	2
OG0007002	1	1	2
OG0007003	1	1	2
OG0007004	1	1	2
OG0007005	1	1	2
OG0007006	1	1	2
OG0007007	1	1	2
OG0007008	1	1	2
OG0007009	1	1	2
OG0007010	1	1	2
OG0007011	1	1	2
OG0007012	1	1	2
OG0007013	1	1	2
OG0007014	1	1	2
OG0007015	1	1	2
OG0007016	1	1	2
OG0007017	1	1	2
OG0007018	1	1	2
OG0007019	1	1	2
OG0007020	1	1	2
OG0007021	1	1	2
OG0007022	1	1	2
OG0007023	1	1	2
OG0007024	1	1	2
OG0007025	1	1	2
OG0007026	1	1	2
OG0007027	1	1	2
OG0007028	1	1	2
OG0007029	1	1	2
OG0007030	1	1	2
OG0007031	1	1	2
OG0007032	1	1	2
OG0007033	1	1	2
OG0007034	1	1	2
OG0007035	1	1	2
OG0007036	1	1	2
OG0007037	1	1	2
OG0007038	1	1	2
OG0007039	1	1	2
OG0007040	1	1	2
OG0007041	1	1	2
OG0007042	1	1	2
OG0007043	1	1	2
OG0007044	1	1	2
OG0007045	1	1	2
OG0007046	1	1	2
OG0007047	1	1	2
OG0007048	1	1	2
OG0007049	1	1	2
OG0007050	1	1	2
OG0007051	1	1	2
OG0007052	1	1	2
OG0007053	1	1	2
OG0007054	1	1	2
OG0007055	1	1	2
OG0007056	1	1	2
OG0007057	1	1	2
OG0007058	1	1	2
OG0007059	1	1	2
OG0007060	1	1	2
OG0007061	1	1	2
OG0007062	1	1	2
OG0007063	1	1	2
OG0007064	1	1	2
OG0007065	1	1	2
OG0007066	1	1	2
OG0007067	1	1	2
OG0007068	1	1	2
OG0007069	1	1	2
OG0007070	1	1	2
OG0007071	1	1	2
OG0007072	1	1	2
OG0007073	1	1	2
OG0007074	1	1	2
OG0007075	1	1	2
OG0007076	1	1	2
OG0007077	1	1	2
OG0007078	1	1	2
OG0007079	1	1	2
OG0007080	1	1	2
OG0007081	1	1	2
OG0007082	1	1	2
OG0007083	1	1	2
OG0007084	1	1	2
OG0007085	1	1	2
OG0007086	1	1	2
OG0007087	1	1	2
OG0007088	1	1	2
OG0007089	1	1	2
OG0007090	1	1	2
OG0007091	1	1	2
OG0007092	1	1	2
OG0007093	1	1	2
OG0007094	1	1	2
OG0007095	1	1	2
OG0007096	1	1	2
OG0007097	1	1	2
OG0007098	1	1	2
OG0007099	1	1	2
OG0007100	1	1	2
OG0007101	1	1	2
OG0007102	1	1	2
OG0007103	1	1	2
OG0007104	1	1	2
OG0007105	1	1	2
OG0007106	1	1	2
OG0007107	1	1	2
OG0007108	1	1	2
OG0007109	1	1	2
OG0007110	1	1	2
OG0007111	1	1	2
OG0007112	1	1	2
OG0007113	1	1	2
OG0007114	1	1	2
OG0007115	1	1	2
OG0007116	1	1	2
OG0007117	1	1	2
OG0007118	1	1	2
OG0007119	1	1	2
OG0007120	1	1	2
OG0007121	1	1	2
OG0007122	1	1	2
OG0007123	1	1	2
OG0007124	1	1	2
OG0007125	1	1	2
OG0007126	1	1	2
OG0007127	1	1	2
OG0007128	1	1	2
OG0007129	1	1	2
OG0007130	1	1	2
OG0007131	1	1	2
OG0007132	1	1	2
OG0007133	1	1	2
OG0007134	1	1	2
OG0007135	1	1	2
OG0007136	1	1	2
OG0007137	1	1	2
OG0007138	1	1	2
OG0007139	1	1	2
OG0007140	1	1	2
OG0007141	1	1	2
OG0007142	1	1	2
OG0007143	1	1	2
OG0007144	1	1	2
OG0007145	1	1	2
OG0007146	1	1	2
OG0007147	1	1	2
OG0007148	1	1	2
OG0007149	1	1	2
OG0007150	1	1	2
OG0007151	1	1	2
OG0007152	1	1	2
OG0007153	1	1	2
OG0007154	1	1	2
OG0007155	1	1	2
OG0007156	1	1	2
OG0007157	1	1	2
OG0007158	1	1	2
OG0007159	1	1	2
OG0007160	1	1	2
OG0007161	1	1	2
OG0007162	1	1	2
OG0007163	1	1	2
OG0007164	1	1	2
OG0007165	1	1	2
OG0007166	1	1	2
OG0007167	1	1	2
OG0007168	1	1	2
OG0007169	1	1	2
OG0007170	1	1	2
OG0007171	1	1	2
OG0007172	1	1	2
OG0007173	1	1	2
OG0007174	1	1	2
OG0007175	1	1	2
OG0007176	1	1	2
OG0007177	1	1	2
OG0007178	1	1	2
OG0007179	1	1	2
OG0007180	1	1	2
OG0007181	1	1	2
OG0007182	1	1	2
OG0007183	1	1	2
OG0007184	1	1	2
OG0007185	1	1	2
OG0007186	1	1	2
OG0007187	1	1	2
OG0007188	1	1	2
OG0007189	1	1	2
OG0007190	1	1	2
OG0007191	1	1	2
OG0007192	1	1	2
OG0007193	1	1	2
OG0007194	1	1	2
OG0007195	1	1	2
OG0007196	1	1	2
OG0007197	1	1	2
OG0007198	1	1	2
OG0007199	1	1	2
OG0007200	1	1	2
OG0007201	1	1	2
OG0007202	1	1	2
OG0007203	1	1	2
OG0007204	1	1	2
OG0007205	1	1	2
OG0007206	1	1	2
OG0007207	1	1	2
OG0007208	1	1	2
OG0007209	1	1	2
OG0007210	1	1	2
OG0007211	1	1	2
OG0007212	1	1	2
OG0007213	1	1	2
OG0007214	1	1	2
OG0007215	1	1	2
OG0007216	1	1	2
OG0007217	1	1	2
OG0007218	1	1	2
OG0007219	1	1	2
OG0007220	1	1	2
OG0007221	1	1	2
OG0007222	1	1	2
OG0007223	1	1	2
OG0007224	1	1	2
OG0007225	1	1	2
OG0007226	1	1	2
OG0007227	1	1	2
OG0007228	1	1	2
OG0007229	1	1	2
OG0007230	1	1	2
OG0007231	1	1	2
OG0007232	1	1	2
OG0007233	1	1	2
OG0007234	1	1	2
OG0007235	1	1	2
OG0007236	1	1	2
OG0007237	1	1	2
OG0007238	1	1	2
OG0007239	1	1	2
OG0007240	1	1	2
OG0007241	1	1	2
OG0007242	1	1	2
OG0007243	1	1	2
OG0007244	1	1	2
OG0007245	1	1	2
OG0007246	1	1	2
OG0007247	1	1	2
OG0007248	1	1	2
OG0007249	1	1	2
OG0007250	1	1	2
OG0007251	1	1	2
OG0007252	1	1	2
OG0007253	1	1	2
OG0007254	1	1	2
OG0007255	1	1	2
OG0007256	1	1	2
OG0007257	1	1	2
OG0007258	1	1	2
OG0007259	1	1	2
OG0007260	1	1	2
OG0007261	1	1	2
OG0007262	1	1	2
OG0007263	1	1	2
OG0007264	1	1	2
OG0007265	1	1	2
OG0007266	1	1	2
OG0007267	1	1	2
OG0007268	1	1	2
OG0007269	1	1	2
OG0007270	1	1	2
OG0007271	1	1	2
OG0007272	1	1	2
OG0007273	1	1	2
OG0007274	1	1	2
OG0007275	1	1	2
OG0007276	1	1	2
OG0007277	1	1	2
OG0007278	1	1	2
OG0007279	1	1	2
OG0007280	1	1	2
OG0007281	1	1	2
OG0007282	1	1	2
OG0007283	1	1	2
OG0007284	1	1	2
OG0007285	1	1	2
OG0007286	1	1	2
OG0007287	1	1	2
OG0007288	1	1	2
OG0007289	1	1	2
OG0007290	1	1	2
OG0007291	1	1	2
OG0007292	1	1	2
OG0007293	1	1	2
OG0007294	1	1	2
OG0007295	1	1	2
OG0007296	1	1	2
OG0007297	1	1	2
OG0007298	1	1	2
OG0007299	1	1	2
OG0007300	1	1	2
OG0007301	1	1	2
OG0007302	1	1	2
OG0007303	1	1	2
OG0007304	1	1	2
OG0007305	1	1	2
OG0007306	1	1	2
OG0007307	1	1	2
OG0007308	1	1	2
OG0007309	1	1	2
OG0007310	1	1	2
OG0007311	1	1	2
OG0007312	1	1	2
OG0007313	1	1	2
OG0007314	1	1	2
OG0007315	1	1	2
OG0007316	1	1	2
OG0007317	1	1	2
OG0007318	1	1	2
OG0007319	1	1	2
OG0007320	1	1	2
OG0007321	1	1	2
OG0007322	1	1	2
OG0007323	1	1	2
OG0007324	1	1	2
OG0007325	1	1	2
OG0007326	1	1	2
OG0007327	1	1	2
OG0007328	1	1	2
OG0007329	1	1	2
OG0007330	1	1	2
OG0007331	1	1	2
OG0007332	1	1	2
OG0007333	1	1	2
OG0007334	1	1	2
OG0007335	1	1	2
OG0007336	1	1	2
OG0007337	1	1	2
OG0007338	1	1	2
OG0007339	1	1	2
OG0007340	1	1	2
OG0007341	1	1	2
OG0007342	1	1	2
OG0007343	1	1	2
OG0007344	1	1	2
OG0007345	1	1	2
OG0007346	1	1	2
OG0007347	1	1	2
OG0007348	1	1	2
OG0007349	1	1	2
OG0007350	1	1	2
OG0007351	1	1	2
OG0007352	1	1	2
OG0007353	1	1	2
OG0007354	1	1	2
OG0007355	1	1	2
OG0007356	1	1	2
OG0007357	1	1	2
OG0007358	1	1	2
OG0007359	1	1	2
OG0007360	1	1	2
OG0007361	1	1	2
OG0007362	1	1	2
OG0007363	1	1	2
OG0007364	1	1	2
OG0007365	1	1	2
OG0007366	1	1	2
OG0007367	1	1	2
OG0007368	1	1	2
OG0007369	1	1	2
OG0007370	1	1	2
OG0007371	1	1	2
OG0007372	1	1	2
OG0007373	1	1	2
OG0007374	1	1	2
OG0007375	1	1	2
OG0007376	1	1	2
OG0007377	1	1	2
OG0007378	1	1	2
OG0007379	1	1	2
OG0007380	1	1	2
OG0007381	1	1	2
OG0007382	1	1	2
OG0007383	1	1	2
OG0007384	1	1	2
OG0007385	1	1	2
OG0007386	1	1	2
OG0007387	1	1	2
OG0007388	1	1	2
OG0007389	1	1	2
OG0007390	1	1	2
OG0007391	1	1	2
OG0007392	1	1	2
OG0007393	1	1	2
OG0007394	1	1	2
OG0007395	1	1	2
OG0007396	1	1	2
OG0007397	1	1	2
OG0007398	1	1	2
OG0007399	1	1	2
OG0007400	1	1	2
OG0007401	1	1	2
OG0007402	1	1	2
OG0007403	1	1	2
OG0007404	1	1	2
OG0007405	1	1	2
OG0007406	1	1	2
OG0007407	1	1	2
OG0007408	1	1	2
OG0007409	1	1	2
OG0007410	1	1	2
OG0007411	1	1	2
OG0007412	1	1	2
OG0007413	1	1	2
OG0007414	1	1	2
OG0007415	1	1	2
OG0007416	1	1	2
OG0007417	1	1	2
OG0007418	1	1	2
OG0007419	1	1	2
OG0007420	1	1	2
OG0007421	1	1	2
OG0007422	1	1	2
OG0007423	1	1	2
OG0007424	1	1	2
OG0007425	1	1	2
OG0007426	1	1	2
OG0007427	1	1	2
OG0007428	1	1	2
OG0007429	1	1	2
OG0007430	1	1	2
OG0007431	1	1	2
OG0007432	1	1	2
OG0007433	1	1	2
OG0007434	1	1	2
OG0007435	1	1	2
OG0007436	1	1	2
OG0007437	1	1	2
OG0007438	1	1	2
OG0007439	1	1	2
OG0007440	1	1	2
OG0007441	1	1	2
OG0007442	1	1	2
OG0007443	1	1	2
OG0007444	1	1	2
OG0007445	1	1	2
OG0007446	1	1	2
OG0007447	1	1	2
OG0007448	1	1	2
OG0007449	1	1	2
OG0007450	1	1	2
OG0007451	1	1	2
OG0007452	1	1	2
OG0007453	1	1	2
OG0007454	1	1	2
OG0007455	1	1	2
OG0007456	1	1	2
OG0007457	1	1	2
OG0007458	1	1	2
OG0007459	1	1	2
OG0007460	1	1	2
OG0007461	1	1	2
OG0007462	1	1	2
OG0007463	1	1	2
OG0007464	1	1	2
OG0007465	1	1	2
OG0007466	1	1	2
OG0007467	1	1	2
OG0007468	1	1	2
OG0007469	1	1	2
OG0007470	1	1	2
OG0007471	1	1	2
OG0007472	1	1	2
OG0007473	1	1	2
OG0007474	1	1	2
OG0007475	1	1	2
OG0007476	1	1	2
OG0007477	1	1	2
OG0007478	1	1	2
OG0007479	1	1	2
OG0007480	1	1	2
OG0007481	1	1	2
OG0007482	1	1	2
OG0007483	1	1	2
OG0007484	1	1	2
OG0007485	1	1	2
OG0007486	1	1	2
OG0007487	1	1	2
OG0007488	1	1	2
OG0007489	1	1	2
OG0007490	1	1	2
OG0007491	1	1	2
OG0007492	1	1	2
OG0007493	1	1	2
OG0007494	1	1	2
OG0007495	1	1	2
OG0007496	1	1	2
OG0007497	1	1	2
OG0007498	1	1	2
OG0007499	1	1	2
OG0007500	1	1	2
OG0007501	1	1	2
OG0007502	1	1	2
OG0007503	1	1	2
OG0007504	1	1	2
OG0007505	1	1	2
OG0007506	1	1	2
OG0007507	1	1	2
OG0007508	1	1	2
OG0007509	1	1	2
OG0007510	1	1	2
OG0007511	1	1	2
OG0007512	1	1	2
OG0007513	1	1	2
OG0007514	1	1	2
OG0007515	1	1	2
OG0007516	1	1	2
OG0007517	1	1	2
OG0007518	1	1	2
OG0007519	1	1	2
OG0007520	1	1	2
OG0007521	1	1	2
OG0007522	1	1	2
OG0007523	1	1	2
OG0007524	1	1	2
OG0007525	1	1	2
OG0007526	1	1	2
OG0007527	1	1	2
OG0007528	1	1	2
OG0007529	1	1	2
OG0007530	1	1	2
OG0007531	1	1	2
OG0007532	1	1	2
OG0007533	1	1	2
OG0007534	1	1	2
OG0007535	1	1	2
OG0007536	1	1	2
OG0007537	1	1	2
OG0007538	1	1	2
OG0007539	1	1	2
OG0007540	1	1	2
OG0007541	1	1	2
OG0007542	1	1	2
OG0007543	1	1	2
OG0007544	1	1	2
OG0007545	1	1	2
OG0007546	1	1	2
OG0007547	1	1	2
OG0007548	1	1	2
OG0007549	1	1	2
OG0007550	1	1	2
OG0007551	1	1	2
OG0007552	1	1	2
OG0007553	1	1	2
OG0007554	1	1	2
OG0007555	1	1	2
OG0007556	1	1	2
OG0007557	1	1	2
OG0007558	1	1	2
OG0007559	1	1	2
OG0007560	1	1	2
OG0007561	1	1	2
OG0007562	1	1	2
OG0007563	1	1	2
OG0007564	1	1	2
OG0007565	1	1	2
OG0007566	1	1	2
OG0007567	1	1	2
OG0007568	1	1	2
OG0007569	1	1	2
OG0007570	1	1	2
OG0007571	1	1	2
OG0007572	1	1	2
OG0007573	1	1	2
OG0007574	1	1	2
OG0007575	1	1	2
OG0007576	1	1	2
OG0007577	1	1	2
OG0007578	1	1	2
OG0007579	1	1	2
OG0007580	1	1	2
OG0007581	1	1	2
OG0007582	1	1	2
OG0007583	1	1	2
OG0007584	1	1	2
OG0007585	1	1	2
OG0007586	1	1	2
OG0007587	1	1	2
OG0007588	1	1	2
OG0007589	1	1	2
OG0007590	1	1	2
OG0007591	1	1	2
OG0007592	1	1	2
OG0007593	1	1	2
OG0007594	1	1	2
OG0007595	1	1	2
OG0007596	1	1	2
OG0007597	1	1	2
OG0007598	1	1	2
OG0007599	1	1	2
OG0007600	1	1	2
OG0007601	1	1	2
OG0007602	1	1	2
OG0007603	1	1	2
OG0007604	1	1	2
OG0007605	1	1	2
OG0007606	1	1	2
OG0007607	1	1	2
OG0007608	1	1	2
OG0007609	1	1	2
OG0007610	1	1	2
OG0007611	1	1	2
OG0007612	1	1	2
OG0007613	1	1	2
OG0007614	1	1	2
OG0007615	1	1	2
OG0007616	1	1	2
OG0007617	1	1	2
OG0007618	1	1	2
OG0007619	1	1	2
OG0007620	1	1	2
OG0007621	1	1	2
OG0007622	1	1	2
OG0007623	1	1	2
OG0007624	1	1	2
OG0007625	1	1	2
OG0007626	1	1	2
OG0007627	1	1	2
OG0007628	1	1	2
OG0007629	1	1	2
OG0007630	1	1	2
OG0007631	1	1	2
OG0007632	1	1	2
OG0007633	1	1	2
OG0007634	1	1	2
OG0007635	1	1	2
OG0007636	1	1	2
OG0007637	1	1	2
OG0007638	1	1	2
OG0007639	1	1	2
OG0007640	1	1	2
OG0007641	1	1	2
OG0007642	1	1	2
OG0007643	1	1	2
OG0007644	1	1	2
OG0007645	1	1	2
OG0007646	1	1	2
OG0007647	1	1	2
OG0007648	1	1	2
OG0007649	1	1	2
OG0007650	1	1	2
OG0007651	1	1	2
OG0007652	1	1	2
OG0007653	1	1	2
OG0007654	1	1	2
OG0007655	1	1	2
OG0007656	1	1	2
OG0007657	1	1	2
OG0007658	1	1	2
OG0007659	1	1	2
OG0007660	1	1	2
OG0007661	1	1	2
OG0007662	1	1	2
OG0007663	1	1	2
OG0007664	1	1	2
OG0007665	1	1	2
OG0007666	1	1	2
OG0007667	1	1	2
OG0007668	1	1	2
OG0007669	1	1	2
OG0007670	1	1	2
OG0007671	1	1	2
OG0007672	1	1	2
OG0007673	1	1	2
OG0007674	1	1	2
OG0007675	1	1	2
OG0007676	1	1	2
OG0007677	1	1	2
OG0007678	1	1	2
OG0007679	1	1	2
OG0007680	1	1	2
OG0007681	1	1	2
OG0007682	1	1	2
OG0007683	1	1	2
OG0007684	1	1	2
OG0007685	1	1	2
OG0007686	1	1	2
OG0007687	1	1	2
OG0007688	1	1	2
OG0007689	1	1	2
OG0007690	1	1	2
OG0007691	1	1	2
OG0007692	1	1	2
OG0007693	1	1	2
OG0007694	1	1	2
OG0007695	1	1	2
OG0007696	1	1	2
OG0007697	1	1	2
OG0007698	1	1	2
OG0007699	1	1	2
OG0007700	1	1	2
OG0007701	1	1	2
OG0007702	1	1	2
OG0007703	1	1	2
OG0007704	1	1	2
OG0007705	1	1	2
OG0007706	1	1	2
OG0007707	1	1	2
OG0007708	1	1	2
OG0007709	1	1	2
OG0007710	1	1	2
OG0007711	1	1	2
OG0007712	1	1	2
OG0007713	1	1	2
OG0007714	1	1	2
OG0007715	1	1	2
OG0007716	1	1	2
OG0007717	1	1	2
OG0007718	1	1	2
OG0007719	1	1	2
OG0007720	1	1	2
OG0007721	1	1	2
OG0007722	1	1	2
OG0007723	1	1	2
OG0007724	1	1	2
OG0007725	1	1	2
OG0007726	1	1	2
OG0007727	1	1	2
OG0007728	1	1	2
OG0007729	1	1	2
OG0007730	1	1	2
OG0007731	1	1	2
OG0007732	1	1	2
OG0007733	1	1	2
OG0007734	1	1	2
OG0007735	1	1	2
OG0007736	1	1	2
OG0007737	1	1	2
OG0007738	1	1	2
OG0007739	1	1	2
OG0007740	1	1	2
OG0007741	1	1	2
OG0007742	1	1	2
OG0007743	1	1	2
OG0007744	1	1	2
OG0007745	1	1	2
OG0007746	1	1	2
OG0007747	1	1	2
OG0007748	1	1	2
OG0007749	1	1	2
OG0007750	1	1	2
OG0007751	1	1	2
OG0007752	1	1	2
OG0007753	1	1	2
OG0007754	1	1	2
OG0007755	1	1	2
OG0007756	1	1	2
OG0007757	1	1	2
OG0007758	1	1	2
OG0007759	1	1	2
OG0007760	1	1	2
OG0007761	1	1	2
OG0007762	1	1	2
OG0007763	1	1	2
OG0007764	1	1	2
OG0007765	1	1	2
OG0007766	1	1	2
OG0007767	1	1	2
OG0007768	1	1	2
OG0007769	1	1	2
OG0007770	1	1	2
OG0007771	1	1	2
OG0007772	1	1	2
OG0007773	1	1	2
OG0007774	1	1	2
OG0007775	1	1	2
OG0007776	1	1	2
OG0007777	1	1	2
OG0007778	1	1	2
OG0007779	1	1	2
OG0007780	1	1	2
OG0007781	1	1	2
OG0007782	1	1	2
OG0007783	1	1	2
OG0007784	1	1	2
OG0007785	1	1	2
OG0007786	1	1	2
OG0007787	1	1	2
OG0007788	1	1	2
OG0007789	1	1	2
OG0007790	1	1	2
OG0007791	1	1	2
OG0007792	1	1	2
OG0007793	1	1	2
OG0007794	1	1	2
OG0007795	1	1	2
OG0007796	1	1	2
OG0007797	1	1	2
OG0007798	1	1	2
OG0007799	1	1	2
OG0007800	1	1	2
OG0007801	1	1	2
OG0007802	1	1	2
OG0007803	1	1	2
OG0007804	1	1	2
OG0007805	1	1	2
OG0007806	1	1	2
OG0007807	1	1	2
OG0007808	1	1	2
OG0007809	1	1	2
OG0007810	1	1	2
OG0007811	1	1	2
OG0007812	1	1	2
OG0007813	1	1	2
OG0007814	1	1	2
OG0007815	1	1	2
OG0007816	1	1	2
OG0007817	1	1	2
OG0007818	1	1	2
OG0007819	1	1	2
OG0007820	1	1	2
OG0007821	1	1	2
OG0007822	1	1	2
OG0007823	1	1	2
OG0007824	1	1	2
OG0007825	1	1	2
OG0007826	1	1	2
OG0007827	1	1	2
OG0007828	1	1	2
OG0007829	1	1	2
OG0007830	1	1	2
OG0007831	1	1	2
OG0007832	1	1	2
OG0007833	1	1	2
OG0007834	1	1	2
OG0007835	1	1	2
OG0007836	1	1	2
OG0007837	1	1	2
OG0007838	1	1	2
OG0007839	1	1	2
OG0007840	1	1	2
OG0007841	1	1	2
OG0007842	1	1	2
OG0007843	1	1	2
OG0007844	1	1	2
OG0007845	1	1	2
OG0007846	1	1	2
OG0007847	1	1	2
OG0007848	1	1	2
OG0007849	1	1	2
OG0007850	1	1	2
OG0007851	1	1	2
OG0007852	1	1	2
OG0007853	1	1	2
OG0007854	1	1	2
OG0007855	1	1	2
OG0007856	1	1	2
OG0007857	1	1	2
OG0007858	1	1	2
OG0007859	1	1	2
OG0007860	1	1	2
OG0007861	1	1	2
OG0007862	1	1	2
OG0007863	1	1	2
OG0007864	1	1	2
OG0007865	1	1	2
OG0007866	1	1	2
OG0007867	1	1	2
OG0007868	1	1	2
OG0007869	1	1	2
OG0007870	1	1	2
OG0007871	1	1	2
OG0007872	1	1	2
OG0007873	1	1	2
OG0007874	1	1	2
OG0007875	1	1	2
OG0007876	1	1	2
OG0007877	1	1	2
OG0007878	1	1	2
OG0007879	1	1	2
OG0007880	1	1	2
OG0007881	1	1	2
OG0007882	1	1	2
OG0007883	1	1	2
OG0007884	1	1	2
OG0007885	1	1	2
OG0007886	1	1	2
OG0007887	1	1	2
OG0007888	1	1	2
OG0007889	1	1	2
OG0007890	1	1	2
OG0007891	1	1	2
OG0007892	1	1	2
OG0007893	1	1	2
OG0007894	1	1	2
OG0007895	1	1	2
OG0007896	1	1	2
OG0007897	1	1	2
OG0007898	1	1	2
OG0007899	1	1	2
OG0007900	1	1	2
OG0007901	1	1	2
OG0007902	1	1	2
OG0007903	1	1	2
OG0007904	1	1	2
OG0007905	1	1	2
OG0007906	1	1	2
OG0007907	1	1	2
OG0007908	1	1	2
OG0007909	1	1	2
OG0007910	1	1	2
OG0007911	1	1	2
OG0007912	1	1	2
OG0007913	1	1	2
OG0007914	1	1	2
OG0007915	1	1	2
OG0007916	1	1	2
OG0007917	1	1	2
OG0007918	1	1	2
OG0007919	1	1	2
OG0007920	1	1	2
OG0007921	1	1	2
OG0007922	1	1	2
OG0007923	1	1	2
OG0007924	1	1	2
OG0007925	1	1	2
OG0007926	1	1	2
OG0007927	1	1	2
OG0007928	1	1	2
OG0007929	1	1	2
OG0007930	1	1	2
OG0007931	0	2	2
